,MSSubClass,MSZoning,LotFrontage,LotArea,Street,Alley,LotShape,LandContour,Utilities,LotConfig,LandSlope,Neighborhood,Condition1,Condition2,BldgType,HouseStyle,OverallQual,OverallCond,YearBuilt,YearRemodAdd,RoofStyle,RoofMatl,Exterior1st,Exterior2nd,MasVnrType,MasVnrArea,ExterQual,ExterCond,Foundation,BsmtQual,BsmtCond,BsmtExposure,BsmtFinType1,BsmtFinSF1,BsmtFinType2,BsmtFinSF2,BsmtUnfSF,TotalBsmtSF,Heating,HeatingQC,CentralAir,Electrical,1stFlrSF,2ndFlrSF,LowQualFinSF,GrLivArea,BsmtFullBath,BsmtHalfBath,FullBath,HalfBath,BedroomAbvGr,KitchenAbvGr,KitchenQual,TotRmsAbvGrd,Functional,Fireplaces,FireplaceQu,GarageType,GarageYrBlt,GarageFinish,GarageCars,GarageArea,GarageQual,GarageCond,PavedDrive,WoodDeckSF,OpenPorchSF,EnclosedPorch,3SsnPorch,ScreenPorch,PoolArea,PoolQC,Fence,MiscFeature,MiscVal,MoSold,YrSold,SaleType,SaleCondition
0,20,RL,70.0,8414,Pave,,Reg,Lvl,AllPub,Inside,Gtl,Sawyer,Norm,Norm,1Fam,1Story,6,8,1963,2003,Hip,CompShg,HdBoard,HdBoard,None,0.0,TA,TA,CBlock,TA,TA,No,GLQ,663,Unf,0,396,1059,GasA,TA,Y,SBrkr,1068,0,0,1068,0,1,1,0,3,1,TA,6,Typ,0,,Attchd,1963.0,RFn,1,264,TA,TA,Y,192,0,0,0,0,0,,MnPrv,,0,2,2006,WD,Normal
1,60,RL,98.0,12256,Pave,,IR1,Lvl,AllPub,Corner,Gtl,NoRidge,Norm,Norm,1Fam,2Story,8,5,1994,1995,Gable,CompShg,HdBoard,HdBoard,BrkFace,362.0,Gd,TA,PConc,Ex,TA,Av,GLQ,1032,Unf,0,431,1463,GasA,Ex,Y,SBrkr,1500,1122,0,2622,1,0,2,1,3,1,Gd,9,Typ,2,TA,Attchd,1994.0,RFn,2,712,TA,TA,Y,186,32,0,0,0,0,,,,0,4,2010,WD,Normal
2,30,RM,56.0,8960,Pave,Grvl,Reg,Lvl,AllPub,Inside,Gtl,OldTown,Artery,Norm,1Fam,1Story,5,6,1927,1950,Gable,CompShg,WdShing,Wd Shng,None,0.0,TA,TA,CBlock,TA,TA,No,Unf,0,Unf,0,1008,1008,GasA,Gd,Y,FuseA,1028,0,0,1028,0,0,1,0,2,1,TA,5,Typ,1,Gd,Detchd,1927.0,Unf,2,360,TA,TA,Y,0,0,130,0,0,0,,,,0,3,2010,WD,Normal
3,50,RM,50.0,5000,Pave,,Reg,Lvl,AllPub,Corner,Gtl,BrkSide,Feedr,Norm,1Fam,1.5Fin,6,7,1947,1950,Gable,CompShg,CemntBd,CmentBd,None,0.0,TA,Gd,CBlock,TA,TA,No,ALQ,399,Unf,0,605,1004,GasA,Ex,Y,SBrkr,1004,660,0,1664,0,0,2,0,3,1,TA,7,Typ,2,Gd,Detchd,1950.0,Unf,2,420,TA,TA,Y,0,24,36,0,0,0,,,,0,10,2006,WD,Normal
4,20,RL,89.0,12898,Pave,,IR1,HLS,AllPub,Inside,Gtl,Timber,Norm,Norm,1Fam,1Story,9,5,2007,2008,Hip,CompShg,VinylSd,VinylSd,Stone,70.0,Gd,TA,PConc,Ex,TA,Gd,GLQ,1022,Unf,0,598,1620,GasA,Ex,Y,SBrkr,1620,0,0,1620,1,0,2,0,2,1,Ex,6,Typ,1,Ex,Attchd,2008.0,Fin,3,912,TA,TA,Y,228,0,0,0,0,0,,,,0,9,2009,WD,Normal
5,180,RM,21.0,1491,Pave,,Reg,Lvl,AllPub,Inside,Gtl,MeadowV,Norm,Norm,TwnhsE,SFoyer,4,6,1972,1972,Gable,CompShg,CemntBd,CmentBd,None,0.0,TA,TA,CBlock,Gd,TA,Av,LwQ,150,GLQ,480,0,630,GasA,Ex,Y,SBrkr,630,0,0,630,1,0,1,0,1,1,TA,3,Typ,0,,,,,0,0,,,Y,96,24,0,0,0,0,,,,0,5,2010,WD,Normal
6,50,RL,,15660,Pave,,IR1,Lvl,AllPub,Corner,Gtl,Crawfor,Norm,Norm,1Fam,1.5Fin,7,9,1939,2006,Gable,CompShg,VinylSd,VinylSd,BrkFace,312.0,Gd,Gd,CBlock,TA,TA,No,BLQ,341,Unf,0,457,798,GasA,Ex,Y,SBrkr,1137,817,0,1954,0,1,1,1,3,1,Gd,8,Typ,2,TA,Attchd,1939.0,Unf,2,431,TA,TA,Y,0,119,150,0,0,0,,,,0,5,2008,WD,Normal
7,160,RL,24.0,2280,Pave,,Reg,Lvl,AllPub,Inside,Gtl,NPkVill,Norm,Norm,Twnhs,2Story,6,5,1978,1978,Gable,CompShg,Plywood,Brk Cmn,None,0.0,TA,TA,CBlock,Gd,TA,No,ALQ,311,Unf,0,544,855,GasA,Fa,Y,SBrkr,855,601,0,1456,0,0,2,1,3,1,TA,7,Typ,1,TA,Attchd,1978.0,Unf,2,440,TA,TA,Y,26,0,0,0,0,0,,,,0,7,2010,WD,Normal
8,180,RM,21.0,1936,Pave,,Reg,Lvl,AllPub,Inside,Gtl,MeadowV,Norm,Norm,Twnhs,SFoyer,4,6,1970,1970,Gable,CompShg,CemntBd,CmentBd,None,0.0,TA,TA,CBlock,Gd,TA,Av,BLQ,131,GLQ,499,0,630,GasA,Gd,Y,SBrkr,630,0,0,630,1,0,1,0,1,1,TA,3,Typ,0,,,,,0,0,,,Y,0,0,0,0,0,0,,MnPrv,,0,12,2007,WD,Normal
9,50,RL,59.0,16466,Pave,,IR1,Lvl,AllPub,Inside,Gtl,Edwards,Norm,Norm,1Fam,1.5Fin,5,7,1955,1955,Gable,CompShg,MetalSd,MetalSd,None,0.0,TA,Gd,PConc,TA,TA,No,Unf,0,Unf,0,816,816,GasA,TA,Y,SBrkr,872,521,0,1393,0,0,1,1,3,1,TA,8,Typ,0,,Attchd,1955.0,Unf,1,300,TA,TA,Y,121,0,0,0,265,0,,,,0,4,2008,WD,Normal
10,50,RL,52.0,6292,Pave,,Reg,Lvl,AllPub,Inside,Gtl,SWISU,Norm,Norm,1Fam,1.5Fin,7,7,1928,1950,Gable,CompShg,Wd Sdng,Wd Sdng,None,0.0,TA,TA,BrkTil,TA,TA,No,Unf,0,Unf,0,861,861,GasA,Gd,Y,SBrkr,877,600,0,1477,0,1,2,0,3,1,TA,6,Typ,1,Gd,Detchd,1928.0,Unf,1,216,TA,TA,Y,0,50,0,0,0,0,,,,0,8,2009,WD,Normal
11,20,RL,62.0,9858,Pave,,Reg,Lvl,AllPub,Inside,Gtl,Mitchel,Norm,Norm,1Fam,1Story,5,6,1968,1968,Gable,CompShg,HdBoard,HdBoard,None,0.0,TA,TA,CBlock,TA,TA,No,BLQ,510,Unf,0,354,864,GasA,TA,Y,SBrkr,874,0,0,874,1,0,1,0,3,1,TA,5,Typ,0,,Attchd,1968.0,RFn,1,288,TA,TA,Y,33,0,0,0,0,0,,GdWo,Shed,600,11,2009,WD,Normal
12,30,C (all),120.0,18000,Grvl,,Reg,Low,AllPub,Inside,Gtl,IDOTRR,Norm,Norm,1Fam,1Story,3,4,1935,1950,Gable,CompShg,MetalSd,MetalSd,None,0.0,Fa,TA,CBlock,TA,TA,No,Unf,0,Unf,0,894,894,GasA,TA,Y,SBrkr,894,0,0,894,0,0,1,0,2,1,TA,6,Typ,0,,Detchd,1994.0,RFn,3,1248,TA,TA,Y,0,20,0,0,0,0,,,Shed,560,8,2008,ConLD,Normal
13,20,RL,70.0,10171,Pave,,IR1,Lvl,AllPub,Inside,Gtl,NridgHt,Norm,Norm,1Fam,1Story,7,5,2004,2004,Gable,CompShg,VinylSd,VinylSd,BrkFace,168.0,Gd,TA,PConc,Gd,TA,No,GLQ,2,Unf,0,1515,1517,GasA,Ex,Y,SBrkr,1535,0,0,1535,0,0,2,0,3,1,Gd,7,Typ,0,,Attchd,2004.0,RFn,2,532,TA,TA,Y,0,0,0,0,0,0,,,,0,3,2010,WD,Normal
14,60,RL,,8063,Pave,,Reg,Lvl,AllPub,Inside,Gtl,Gilbert,Norm,Norm,1Fam,2Story,6,5,2000,2000,Gable,CompShg,VinylSd,VinylSd,None,0.0,TA,TA,PConc,Gd,TA,No,Unf,0,Unf,0,924,924,GasA,Ex,Y,SBrkr,948,742,0,1690,0,0,2,1,3,1,TA,7,Typ,1,TA,Attchd,2000.0,RFn,2,463,TA,TA,Y,100,48,0,0,0,0,,,,0,11,2007,WD,Abnorml
15,20,RL,66.0,8923,Pave,,Reg,Lvl,AllPub,Inside,Gtl,NAmes,Norm,Norm,1Fam,1Story,5,7,1953,2006,Gable,CompShg,Wd Sdng,Wd Sdng,None,0.0,TA,TA,CBlock,TA,TA,No,BLQ,643,Unf,0,365,1008,GasA,Gd,Y,SBrkr,1008,0,0,1008,1,0,1,0,2,1,Gd,6,Typ,0,,Attchd,1953.0,Unf,1,240,TA,TA,Y,0,18,0,0,0,0,,,,0,5,2007,WD,Normal
16,60,RL,62.0,8244,Pave,,IR1,Lvl,AllPub,Inside,Gtl,Gilbert,Norm,Norm,1Fam,2Story,7,5,2004,2004,Gable,CompShg,VinylSd,VinylSd,None,0.0,Gd,TA,PConc,Gd,TA,No,Unf,0,Unf,0,840,840,GasA,Ex,Y,SBrkr,840,880,0,1720,0,0,2,1,3,1,Gd,7,Typ,1,Gd,Attchd,2004.0,Fin,2,440,TA,TA,Y,100,48,0,0,0,0,,,,0,5,2007,WD,Normal
17,20,RL,70.0,7000,Pave,,Reg,Lvl,AllPub,Inside,Gtl,NAmes,Norm,Norm,1Fam,1Story,5,7,1960,2002,Gable,CompShg,Wd Sdng,Wd Sdng,BrkFace,45.0,TA,TA,CBlock,TA,TA,No,Rec,588,Unf,0,422,1010,GasA,Ex,Y,SBrkr,1134,0,0,1134,0,0,1,0,2,1,TA,6,Typ,0,,Attchd,1960.0,RFn,1,254,TA,TA,Y,0,16,0,0,0,0,,MnWw,,0,4,2007,WD,Family
18,30,RM,59.0,8263,Pave,,Reg,Bnk,AllPub,Inside,Mod,IDOTRR,Norm,Norm,1Fam,1Story,6,5,1920,1950,Gable,CompShg,BrkFace,BrkFace,None,0.0,TA,TA,BrkTil,TA,TA,No,Unf,0,Unf,0,1012,1012,GasA,TA,Y,FuseA,1012,0,0,1012,0,0,1,0,2,1,TA,6,Typ,1,Gd,Detchd,1920.0,Unf,1,308,TA,TA,Y,0,22,112,0,0,0,,MnPrv,,0,5,2007,WD,Normal
19,20,RL,72.0,10665,Pave,,IR1,Lvl,AllPub,Inside,Gtl,CollgCr,Norm,Norm,1Fam,1Story,7,5,2003,2003,Gable,CompShg,VinylSd,VinylSd,BrkFace,167.0,Gd,TA,PConc,Gd,TA,Av,GLQ,1013,Unf,0,440,1453,GasA,Ex,Y,SBrkr,1479,0,0,1479,1,0,2,0,3,1,Gd,7,Typ,0,,Attchd,2003.0,RFn,2,558,TA,TA,Y,144,29,0,0,0,0,,,,0,6,2007,WD,Normal
20,20,RL,88.0,13125,Pave,,Reg,Lvl,AllPub,Corner,Gtl,Sawyer,Norm,Norm,1Fam,1Story,5,4,1957,2000,Gable,CompShg,Wd Sdng,Wd Sdng,BrkCmn,67.0,TA,TA,CBlock,TA,TA,No,Rec,168,BLQ,682,284,1134,GasA,Ex,Y,SBrkr,1803,0,0,1803,1,0,2,0,3,1,TA,8,Maj1,1,TA,Attchd,1957.0,RFn,2,484,TA,TA,Y,0,0,0,0,0,0,,GdPrv,,0,1,2006,WD,Normal
21,60,FV,75.0,9000,Pave,,Reg,Lvl,AllPub,Inside,Gtl,Somerst,Norm,Norm,1Fam,2Story,8,5,2008,2008,Gable,CompShg,VinylSd,VinylSd,None,0.0,Gd,TA,PConc,Gd,TA,No,Unf,0,Unf,0,768,768,GasA,Ex,Y,SBrkr,786,804,0,1590,0,0,2,1,3,1,Gd,6,Typ,0,,Attchd,2008.0,RFn,2,676,TA,TA,Y,0,30,0,0,0,0,,,,0,6,2009,WD,Normal
22,60,RL,64.0,8633,Pave,,Reg,Lvl,AllPub,FR2,Gtl,CollgCr,Norm,Norm,1Fam,2Story,6,5,2005,2005,Gable,CompShg,VinylSd,VinylSd,None,0.0,Gd,TA,PConc,Gd,TA,No,GLQ,193,Unf,0,545,738,GasA,Ex,Y,SBrkr,738,738,0,1476,1,0,2,1,3,1,Gd,7,Typ,0,,Attchd,2005.0,Fin,2,540,TA,TA,Y,100,35,0,0,0,0,,,,0,2,2009,WD,Normal
23,20,RL,74.0,5868,Pave,,Reg,Lvl,AllPub,Inside,Gtl,NAmes,Norm,Norm,1Fam,1Story,5,7,1956,2000,Gable,CompShg,MetalSd,MetalSd,None,0.0,TA,TA,CBlock,TA,TA,No,BLQ,248,Rec,240,448,936,GasA,Ex,Y,SBrkr,936,0,0,936,1,0,1,0,2,1,TA,4,Typ,0,,Attchd,1956.0,Fin,1,308,TA,TA,Y,0,0,80,0,160,0,,,,0,5,2010,WD,Normal
24,20,RL,68.0,9017,Pave,,IR1,Lvl,AllPub,Inside,Gtl,CollgCr,Norm,Norm,1Fam,1Story,7,5,1999,1999,Gable,CompShg,VinylSd,VinylSd,None,0.0,Gd,TA,PConc,Gd,TA,Av,GLQ,560,Unf,0,871,1431,GasA,Ex,Y,SBrkr,1431,0,0,1431,1,0,2,0,3,1,Gd,6,Typ,0,,Attchd,1999.0,Fin,2,666,TA,TA,Y,0,35,0,0,0,0,,,,0,9,2009,WD,Normal
25,120,RL,55.0,7892,Pave,,Reg,Lvl,AllPub,Inside,Gtl,SawyerW,Norm,Norm,TwnhsE,1Story,6,5,1993,1993,Gable,CompShg,Plywood,Plywood,None,0.0,Gd,TA,PConc,Gd,TA,No,GLQ,300,Unf,0,899,1199,GasA,Ex,Y,SBrkr,1199,0,0,1199,0,0,2,0,2,1,Gd,5,Typ,0,,Attchd,1993.0,RFn,2,530,TA,TA,Y,0,63,0,0,0,0,,,,0,3,2008,WD,Normal
26,20,RL,73.0,8899,Pave,,IR1,Lvl,AllPub,Inside,Gtl,Gilbert,Norm,Norm,1Fam,1Story,7,5,2007,2007,Gable,CompShg,VinylSd,VinylSd,None,0.0,Gd,TA,PConc,Gd,TA,Av,GLQ,24,Unf,0,1316,1340,GasA,Ex,Y,SBrkr,1340,0,0,1340,0,0,2,0,3,1,Gd,6,Typ,0,,Attchd,2007.0,Fin,2,396,TA,TA,Y,100,30,0,0,0,0,,,,0,8,2007,New,Partial
27,20,RL,140.0,19138,Pave,,Reg,Lvl,AllPub,Corner,Gtl,Gilbert,Norm,Norm,1Fam,1Story,4,5,1951,1951,Gable,CompShg,VinylSd,VinylSd,None,0.0,TA,TA,CBlock,TA,TA,No,LwQ,120,Unf,0,744,864,GasA,Ex,Y,SBrkr,864,0,0,864,0,0,1,0,2,1,TA,4,Typ,0,,Detchd,1951.0,Unf,2,400,TA,TA,Y,0,0,0,0,0,0,,,,0,6,2010,WD,Normal
28,60,RL,100.0,10839,Pave,,IR1,Lvl,AllPub,Corner,Gtl,Gilbert,Norm,Norm,1Fam,2Story,6,5,1997,1998,Gable,CompShg,VinylSd,VinylSd,None,0.0,TA,TA,PConc,Gd,TA,No,Unf,0,Unf,0,926,926,GasA,Ex,Y,SBrkr,926,678,0,1604,0,0,2,1,3,1,TA,7,Typ,1,TA,Attchd,1997.0,Fin,2,470,TA,TA,Y,0,36,0,0,0,0,,,,0,7,2008,WD,Normal
29,120,FV,47.0,4230,Pave,Pave,Reg,Lvl,AllPub,Corner,Gtl,Somerst,Norm,Norm,TwnhsE,1Story,7,5,2006,2007,Gable,CompShg,VinylSd,VinylSd,None,0.0,Gd,TA,PConc,Ex,Gd,No,Unf,0,Unf,0,1352,1352,GasA,Ex,Y,SBrkr,1352,0,0,1352,0,0,2,0,2,1,Gd,5,Typ,1,Gd,Attchd,2006.0,RFn,2,466,TA,TA,Y,0,241,0,0,0,0,,,,0,4,2007,New,Partial
30,50,RL,92.0,7438,Pave,,IR1,Lvl,AllPub,Inside,Gtl,BrkSide,RRAn,Feedr,1Fam,1.5Fin,5,8,1908,1991,Gable,CompShg,AsbShng,Plywood,None,0.0,TA,TA,PConc,Fa,TA,No,Unf,0,Unf,0,504,504,GasA,Gd,Y,SBrkr,936,316,0,1252,0,0,1,0,3,1,TA,5,Typ,0,,Attchd,1986.0,Unf,2,576,TA,TA,Y,104,0,0,0,0,0,,MnPrv,,0,6,2006,WD,Normal
31,60,RL,85.0,10625,Pave,,Reg,Lvl,AllPub,Inside,Gtl,NridgHt,Norm,Norm,1Fam,2Story,7,5,2003,2004,Gable,CompShg,VinylSd,VinylSd,BrkFace,292.0,Gd,TA,PConc,Gd,TA,No,GLQ,866,Unf,0,132,998,GasA,Ex,Y,SBrkr,1006,1040,0,2046,1,0,2,1,3,1,Gd,8,Typ,1,Gd,BuiltIn,2003.0,RFn,3,871,TA,TA,Y,320,62,0,0,0,0,,,,0,8,2008,WD,Normal
32,50,RL,138.0,18030,Pave,,IR1,Bnk,AllPub,Inside,Gtl,ClearCr,Norm,Norm,1Fam,1.5Fin,5,6,1946,1994,Gable,CompShg,MetalSd,MetalSd,None,0.0,TA,TA,CBlock,TA,TA,No,Rec,152,BLQ,469,977,1598,GasA,TA,Y,SBrkr,1636,971,479,3086,0,0,3,0,3,1,Ex,12,Maj1,1,Gd,,,,0,0,,,Y,122,0,0,0,0,0,,MnPrv,,0,3,2007,WD,Normal
33,20,RL,,8475,Pave,,IR1,Lvl,AllPub,Inside,Gtl,NAmes,Norm,Norm,1Fam,1Story,4,7,1956,1956,Gable,CompShg,VinylSd,VinylSd,None,0.0,TA,TA,CBlock,TA,TA,No,ALQ,228,Unf,0,724,952,GasA,Ex,Y,FuseA,952,0,0,952,0,0,1,0,2,1,TA,4,Typ,0,,Detchd,1956.0,Unf,1,283,TA,TA,Y,0,0,0,0,0,0,,,,0,4,2008,WD,Normal
34,20,RL,116.0,13501,Pave,,IR1,Lvl,AllPub,Corner,Gtl,Somerst,Norm,Norm,1Fam,1Story,8,5,2006,2006,Gable,CompShg,VinylSd,VinylSd,Stone,208.0,Gd,TA,PConc,Gd,TA,No,GLQ,63,Unf,0,1560,1623,GasA,Ex,Y,SBrkr,1636,0,0,1636,1,0,2,0,3,1,Gd,8,Typ,1,Gd,Attchd,2006.0,RFn,3,865,TA,TA,Y,0,60,0,0,0,0,,,,0,6,2007,WD,Normal
35,20,RL,80.0,9200,Pave,,Reg,Lvl,AllPub,Inside,Gtl,NAmes,Norm,Norm,1Fam,1Story,6,6,1965,1965,Gable,CompShg,HdBoard,HdBoard,None,0.0,TA,TA,CBlock,TA,TA,No,Rec,892,Unf,0,244,1136,GasA,TA,Y,SBrkr,1136,0,0,1136,1,0,1,0,3,1,TA,5,Typ,1,Gd,Attchd,1965.0,RFn,1,384,TA,TA,Y,426,0,0,0,0,0,,,,0,7,2008,WD,Normal
36,50,RL,60.0,7200,Pave,,Reg,Lvl,AllPub,Inside,Gtl,NAmes,Norm,Norm,1Fam,1.5Fin,5,4,1950,1982,Gable,CompShg,VinylSd,Wd Sdng,None,0.0,TA,TA,CBlock,TA,TA,No,Rec,180,BLQ,352,676,1208,GasA,Gd,Y,FuseA,1136,768,0,1904,1,0,1,1,3,1,TA,7,Min1,0,,Attchd,1950.0,Unf,1,240,TA,TA,Y,0,0,168,0,0,0,,GdPrv,,0,5,2009,WD,Normal
37,60,RL,65.0,8200,Pave,,Reg,Lvl,AllPub,Inside,Gtl,CollgCr,Norm,Norm,1Fam,2Story,7,5,2003,2004,Gable,CompShg,VinylSd,VinylSd,None,0.0,Gd,TA,PConc,Gd,TA,No,Unf,0,Unf,0,847,847,GasA,Ex,Y,SBrkr,847,1081,0,1928,0,0,2,1,4,1,Gd,8,Typ,1,Gd,BuiltIn,2003.0,Fin,2,434,TA,TA,Y,100,48,0,0,0,0,,,,0,7,2007,WD,Normal
38,60,RL,,14541,Pave,,IR1,Lvl,AllPub,Corner,Gtl,NoRidge,Norm,Norm,1Fam,2Story,8,7,1993,1993,Gable,CompShg,MetalSd,MetalSd,None,0.0,Gd,Gd,PConc,Gd,Gd,No,GLQ,1012,Unf,0,326,1338,GasA,Ex,Y,SBrkr,1352,1168,0,2520,1,0,2,1,5,1,Gd,10,Typ,1,TA,Attchd,1993.0,RFn,3,796,TA,TA,Y,209,55,0,0,0,0,,,,0,11,2006,WD,Abnorml
39,20,RM,70.0,12702,Pave,,Reg,Lvl,AllPub,Inside,Gtl,OldTown,Norm,Norm,1Fam,1Story,5,5,1956,1956,Gable,CompShg,BrkFace,BrkFace,None,0.0,TA,TA,PConc,,,,,0,,0,0,0,GasA,Gd,Y,FuseA,882,0,0,882,0,0,1,0,2,1,TA,4,Typ,0,,Detchd,1956.0,Unf,1,308,TA,TA,Y,0,45,0,0,0,0,,,,0,12,2008,WD,Normal
40,50,RM,52.0,6240,Pave,,Reg,Lvl,AllPub,Inside,Gtl,BrkSide,Norm,Norm,1Fam,1.5Fin,6,6,1934,1950,Gable,CompShg,Wd Sdng,Wd Sdng,None,0.0,TA,TA,PConc,TA,TA,No,Unf,0,Unf,0,816,816,GasA,TA,Y,SBrkr,816,0,360,1176,0,0,1,0,3,1,TA,6,Typ,1,Gd,Detchd,1985.0,Unf,2,528,TA,TA,Y,112,0,0,0,0,0,,MnPrv,Shed,400,9,2006,WD,Normal
41,60,RL,,8880,Pave,,IR1,Lvl,AllPub,Inside,Gtl,SawyerW,Norm,Norm,1Fam,2Story,7,5,1994,2002,Gable,CompShg,VinylSd,VinylSd,None,0.0,Gd,TA,PConc,Gd,TA,No,GLQ,695,Unf,0,253,948,GasA,Ex,Y,SBrkr,1222,888,0,2110,1,0,2,1,3,1,Gd,8,Typ,2,Fa,Attchd,1994.0,RFn,2,463,TA,TA,Y,0,130,0,0,0,0,,,,0,5,2010,WD,Normal
42,20,RL,61.0,9758,Pave,,IR1,Lvl,AllPub,Inside,Gtl,NAmes,Norm,Norm,1Fam,1Story,5,5,1971,1971,Gable,CompShg,HdBoard,MetalSd,None,0.0,TA,TA,CBlock,TA,TA,No,BLQ,412,LwQ,287,251,950,GasA,TA,Y,SBrkr,950,0,0,950,0,0,1,0,3,1,TA,5,Typ,0,,Detchd,1981.0,Unf,1,280,TA,TA,Y,0,0,0,0,0,0,,,,0,7,2007,WD,Normal
43,20,RL,98.0,12704,Pave,,Reg,Lvl,AllPub,Inside,Gtl,NridgHt,Norm,Norm,1Fam,1Story,8,5,2008,2009,Hip,CompShg,VinylSd,VinylSd,BrkFace,306.0,Ex,TA,PConc,Ex,TA,No,Unf,0,Unf,0,2042,2042,GasA,Ex,Y,SBrkr,2042,0,0,2042,0,0,2,1,3,1,Ex,8,Typ,1,Gd,Attchd,2009.0,RFn,3,1390,TA,TA,Y,0,90,0,0,0,0,,,,0,8,2009,New,Partial
44,20,RL,,9945,Pave,,IR1,Lvl,AllPub,Inside,Gtl,Sawyer,Norm,Norm,1Fam,1Story,5,5,1961,1961,Hip,CompShg,Wd Sdng,Wd Sdng,BrkFace,57.0,TA,TA,CBlock,TA,TA,No,Rec,827,Unf,0,161,988,GasA,TA,Y,SBrkr,988,0,0,988,1,0,1,0,3,1,TA,5,Typ,0,,Detchd,1963.0,Unf,2,572,TA,TA,Y,0,0,0,0,0,0,,,,0,10,2007,WD,Normal
45,70,RM,90.0,9900,Pave,,Reg,Lvl,AllPub,Inside,Gtl,OldTown,Norm,Norm,1Fam,2Story,6,4,1880,1950,Gable,CompShg,Wd Sdng,Wd Sdng,None,0.0,TA,TA,BrkTil,TA,TA,Mn,Unf,0,Unf,0,1008,1008,GasW,TA,Y,SBrkr,1178,1032,0,2210,0,0,2,0,5,1,Fa,8,Typ,0,,Detchd,1930.0,Unf,1,205,Fa,TA,N,0,48,0,0,0,0,,,,0,5,2007,WD,Normal
46,20,RL,66.0,7800,Pave,,IR1,Lvl,AllPub,Inside,Gtl,NAmes,Norm,Norm,1Fam,1Story,5,5,1964,1964,Gable,CompShg,Wd Sdng,Wd Sdng,None,0.0,TA,TA,CBlock,TA,TA,No,Rec,312,LwQ,600,0,912,GasA,TA,Y,SBrkr,912,0,0,912,0,0,1,0,2,1,TA,5,Typ,0,,Attchd,1964.0,Unf,1,288,TA,TA,Y,0,0,0,0,0,0,,,,0,11,2006,WD,Abnorml
47,20,RL,66.0,7742,Pave,,Reg,Lvl,AllPub,Inside,Gtl,Sawyer,Norm,Norm,1Fam,1Story,5,7,1966,1966,Gable,CompShg,HdBoard,HdBoard,None,0.0,TA,TA,CBlock,TA,TA,No,BLQ,763,Unf,0,192,955,GasA,Ex,Y,SBrkr,955,0,0,955,1,0,1,0,3,1,TA,6,Typ,0,,Attchd,1966.0,Unf,1,386,TA,TA,Y,0,0,0,0,0,0,,MnPrv,,0,1,2007,WD,Normal
48,60,RL,97.0,13478,Pave,,IR1,Lvl,AllPub,Corner,Gtl,NridgHt,Norm,Norm,1Fam,2Story,10,5,2008,2008,Gable,CompShg,CemntBd,CmentBd,Stone,420.0,Ex,TA,PConc,Ex,TA,Gd,GLQ,1338,Unf,0,384,1722,GasA,Ex,Y,SBrkr,1728,568,0,2296,1,0,2,1,3,1,Ex,10,Typ,1,Gd,BuiltIn,2008.0,RFn,3,842,TA,TA,Y,382,274,0,0,0,0,,,,0,6,2009,ConLI,Normal
49,50,RL,78.0,11344,Pave,,Reg,Lvl,AllPub,Inside,Gtl,NAmes,Feedr,Norm,1Fam,1.5Fin,5,5,1958,1958,Gable,CompShg,MetalSd,MetalSd,BrkFace,180.0,TA,TA,CBlock,TA,TA,No,BLQ,460,Unf,0,414,874,GasW,TA,Y,FuseA,874,650,0,1524,0,0,1,1,3,1,TA,7,Typ,0,,Attchd,1958.0,Unf,1,315,TA,TA,Y,0,0,0,0,0,0,,GdWo,,0,7,2007,WD,Normal
50,20,RL,60.0,7200,Pave,,Reg,Lvl,AllPub,Inside,Gtl,NAmes,Norm,Norm,1Fam,1Story,5,7,1950,1950,Gable,CompShg,MetalSd,MetalSd,None,0.0,TA,TA,CBlock,TA,TA,No,BLQ,534,Rec,96,246,876,GasA,TA,Y,SBrkr,988,0,0,988,0,0,1,0,3,1,TA,6,Typ,0,,Attchd,1950.0,Unf,1,276,TA,TA,Y,0,80,0,0,0,0,,,,0,5,2007,WD,Normal
51,20,RL,,9819,Pave,,IR1,Lvl,AllPub,Inside,Mod,Mitchel,Norm,Norm,1Fam,1Story,6,5,1977,1977,Gable,CompShg,Plywood,ImStucc,None,0.0,TA,TA,PConc,TA,TA,Gd,ALQ,1567,Unf,0,0,1567,GasA,TA,Y,SBrkr,1567,0,0,1567,1,0,2,0,2,1,Gd,5,Typ,2,TA,Attchd,1977.0,RFn,2,714,TA,TA,Y,264,32,0,0,0,0,,,,0,5,2009,WD,Normal
52,160,RM,,2665,Pave,,Reg,Lvl,AllPub,Inside,Gtl,MeadowV,Norm,Norm,TwnhsE,2Story,5,6,1976,1976,Gable,CompShg,CemntBd,CmentBd,None,0.0,TA,TA,PConc,Gd,TA,Mn,Unf,0,Unf,0,264,264,GasA,TA,Y,SBrkr,616,688,0,1304,0,0,1,1,3,1,TA,4,Typ,1,Gd,BuiltIn,1976.0,Fin,1,336,TA,TA,Y,141,24,0,0,0,0,,,,0,6,2008,WD,Normal
53,20,RL,,15498,Pave,,IR1,Lvl,AllPub,Corner,Gtl,Timber,Norm,Norm,1Fam,1Story,8,6,1976,1976,Hip,WdShake,Stone,HdBoard,None,0.0,Gd,TA,CBlock,Gd,TA,Av,ALQ,1165,LwQ,400,0,1565,GasA,TA,Y,SBrkr,2898,0,0,2898,1,0,2,0,2,1,Gd,10,Typ,1,Gd,Attchd,1976.0,Fin,2,665,TA,TA,Y,0,72,174,0,0,0,,,,0,5,2008,COD,Abnorml
54,120,RM,,4438,Pave,,Reg,Lvl,AllPub,Inside,Gtl,CollgCr,Norm,Norm,TwnhsE,1Story,6,5,2004,2004,Gable,CompShg,VinylSd,VinylSd,BrkFace,169.0,Gd,TA,PConc,Gd,TA,Gd,GLQ,662,Unf,0,186,848,GasA,Ex,Y,SBrkr,848,0,0,848,1,0,1,0,1,1,Gd,4,Typ,1,Gd,Attchd,2004.0,Fin,2,420,TA,TA,Y,140,0,0,0,0,0,,,,0,6,2008,ConLD,Normal
55,20,RL,78.0,11645,Pave,,Reg,Lvl,AllPub,Inside,Gtl,CollgCr,Norm,Norm,1Fam,1Story,7,5,2005,2005,Gable,CompShg,VinylSd,VinylSd,None,0.0,Gd,TA,PConc,Gd,TA,Av,GLQ,1300,Unf,0,434,1734,GasA,Ex,Y,SBrkr,1734,0,0,1734,1,0,2,0,3,1,Gd,7,Typ,0,,Attchd,2005.0,Fin,2,660,TA,TA,Y,160,24,0,0,0,0,,,,0,1,2006,WD,Normal
56,60,RL,75.0,9317,Pave,,Reg,Lvl,AllPub,Inside,Gtl,SawyerW,Norm,Norm,1Fam,2Story,7,5,1993,1993,Gable,CompShg,HdBoard,HdBoard,BrkFace,137.0,Gd,TA,PConc,Gd,TA,No,ALQ,513,Unf,0,227,740,GasA,Ex,Y,SBrkr,1006,769,0,1775,1,0,2,1,3,1,Gd,7,Typ,1,TA,Attchd,1993.0,Unf,2,425,TA,TA,Y,234,72,192,0,0,0,,,,0,7,2009,WD,Normal
57,20,RL,,15611,Pave,,IR1,Lvl,AllPub,Corner,Gtl,NWAmes,Norm,Norm,1Fam,1Story,5,6,1977,1977,Gable,CompShg,VinylSd,VinylSd,None,0.0,TA,TA,PConc,Gd,TA,Av,ALQ,767,LwQ,93,266,1126,GasA,TA,Y,SBrkr,1126,0,0,1126,0,1,2,0,3,1,Ex,6,Typ,0,,Attchd,1977.0,RFn,2,540,TA,TA,Y,180,0,0,0,0,0,,,,0,3,2008,WD,Abnorml
58,80,RL,94.0,7819,Pave,,Reg,Lvl,AllPub,Inside,Gtl,Edwards,Norm,Norm,1Fam,SLvl,6,5,1976,1976,Gable,CompShg,Plywood,Plywood,None,0.0,TA,TA,CBlock,TA,TA,Av,ALQ,422,BLQ,127,480,1029,GasA,TA,Y,SBrkr,1117,0,0,1117,1,0,1,0,3,1,TA,6,Typ,1,TA,Detchd,1976.0,Unf,2,672,TA,TA,Y,144,0,0,0,0,0,,MnPrv,,0,3,2010,WD,Abnorml
59,20,RL,60.0,7200,Pave,,Reg,Lvl,AllPub,Inside,Gtl,NAmes,Norm,Norm,1Fam,1Story,5,7,1955,2007,Gable,CompShg,VinylSd,VinylSd,None,0.0,TA,TA,Slab,,,,,0,,0,0,0,GasA,Ex,Y,SBrkr,827,0,0,827,0,0,1,0,2,1,TA,5,Mod,1,Po,Detchd,1967.0,Unf,1,392,TA,TA,Y,0,0,0,0,0,0,,,,0,4,2010,WD,Normal
60,30,RM,60.0,6324,Pave,,IR1,Lvl,AllPub,Inside,Gtl,BrkSide,Feedr,RRNn,1Fam,1Story,4,6,1927,1950,Gable,CompShg,MetalSd,MetalSd,None,0.0,TA,TA,BrkTil,TA,TA,No,Unf,0,Unf,0,520,520,GasA,Fa,N,SBrkr,520,0,0,520,0,0,1,0,1,1,Fa,4,Typ,0,,Detchd,1920.0,Unf,1,240,Fa,TA,Y,49,0,87,0,0,0,,,,0,5,2008,WD,Normal
61,20,RL,75.0,7500,Pave,,Reg,Lvl,AllPub,Inside,Gtl,NAmes,Norm,Norm,1Fam,1Story,5,7,1959,1994,Hip,CompShg,BrkFace,BrkFace,None,0.0,TA,TA,CBlock,TA,TA,No,LwQ,340,Rec,906,0,1246,GasA,Ex,Y,SBrkr,1246,0,0,1246,1,0,1,1,3,1,Gd,6,Typ,0,,Attchd,1959.0,RFn,1,305,TA,TA,Y,218,0,0,0,0,0,,GdPrv,,0,5,2010,WD,Normal
62,60,RL,76.0,9591,Pave,,Reg,Lvl,AllPub,Inside,Gtl,NridgHt,Norm,Norm,1Fam,2Story,8,5,2004,2005,Gable,CompShg,VinylSd,VinylSd,BrkFace,344.0,Gd,TA,PConc,Ex,TA,Av,Unf,0,Unf,0,1143,1143,GasA,Ex,Y,SBrkr,1143,1330,0,2473,0,0,2,1,4,1,Gd,9,Typ,1,Gd,BuiltIn,2004.0,RFn,3,852,TA,TA,Y,192,151,0,0,0,0,,,,0,10,2007,WD,Normal
63,20,RL,75.0,14587,Pave,,IR1,Lvl,AllPub,Inside,Gtl,Somerst,Norm,Norm,1Fam,1Story,9,5,2008,2008,Gable,CompShg,VinylSd,VinylSd,Stone,284.0,Gd,TA,PConc,Gd,TA,No,Unf,0,Unf,0,1498,1498,GasA,Ex,Y,SBrkr,1506,0,0,1506,0,0,2,0,2,1,Ex,6,Typ,1,Gd,Attchd,2008.0,Fin,2,592,TA,TA,Y,0,174,0,0,0,0,,,,0,8,2008,New,Partial
64,20,RL,93.0,15306,Pave,,IR1,HLS,AllPub,Corner,Gtl,Timber,Norm,Norm,1Fam,1Story,8,5,2006,2007,Gable,CompShg,VinylSd,VinylSd,Stone,100.0,Gd,TA,PConc,Ex,TA,Gd,GLQ,80,Unf,0,1652,1732,GasA,Ex,Y,SBrkr,1776,0,0,1776,1,0,2,0,3,1,Gd,7,Typ,1,Gd,Attchd,2006.0,Fin,3,712,TA,TA,Y,0,0,0,0,0,0,,,,0,5,2007,New,Partial
65,20,RL,84.0,12615,Pave,,Reg,Lvl,AllPub,Corner,Gtl,Edwards,Norm,Norm,1Fam,1Story,6,7,1950,2001,Gable,CompShg,WdShing,Wd Shng,None,0.0,TA,TA,CBlock,TA,Gd,Av,ALQ,477,Unf,0,725,1202,GasA,TA,Y,SBrkr,2158,0,0,2158,1,0,2,0,4,1,Gd,7,Typ,1,Gd,Attchd,1950.0,Unf,2,576,TA,TA,Y,0,29,39,0,0,0,,MnPrv,,0,6,2007,WD,Normal
66,50,RL,60.0,10134,Pave,,Reg,Lvl,AllPub,Inside,Gtl,OldTown,Norm,Norm,1Fam,1.5Fin,5,6,1940,1950,Gable,CompShg,MetalSd,MetalSd,None,0.0,TA,TA,CBlock,TA,TA,No,Unf,0,Unf,0,735,735,GasA,Gd,Y,FuseA,735,299,0,1034,0,0,1,0,2,1,TA,5,Typ,0,,Detchd,1940.0,Unf,1,240,TA,TA,Y,0,39,0,0,0,0,,,,0,7,2007,WD,Normal
67,60,RL,85.0,12244,Pave,,Reg,Lvl,AllPub,Inside,Gtl,Timber,Norm,Norm,1Fam,2Story,8,5,2003,2003,Hip,CompShg,VinylSd,VinylSd,Stone,226.0,Gd,TA,PConc,Gd,TA,Gd,GLQ,871,Unf,0,611,1482,GasA,Ex,Y,SBrkr,1482,780,0,2262,1,0,2,1,4,1,Gd,10,Typ,2,Gd,Attchd,2003.0,Fin,3,749,TA,TA,Y,168,0,0,0,0,0,,,,0,8,2008,WD,Normal
68,20,RL,63.0,10712,Pave,,Reg,Lvl,AllPub,Inside,Gtl,Mitchel,Norm,Norm,1Fam,1Story,5,5,1991,1992,Gable,CompShg,HdBoard,HdBoard,None,0.0,TA,TA,PConc,Gd,TA,Mn,BLQ,212,Unf,0,762,974,GasA,TA,Y,SBrkr,974,0,0,974,0,0,1,0,3,1,TA,5,Typ,0,,,,,0,0,,,Y,0,28,0,0,0,0,,MnPrv,,0,9,2007,Oth,Abnorml
69,160,FV,34.0,3230,Pave,Pave,Reg,Lvl,AllPub,Corner,Gtl,Somerst,Norm,Norm,TwnhsE,2Story,6,5,1999,1999,Gable,CompShg,MetalSd,MetalSd,BrkFace,1129.0,TA,TA,PConc,Gd,TA,No,GLQ,419,Unf,0,310,729,GasA,Gd,Y,SBrkr,729,729,0,1458,0,0,2,1,2,1,TA,5,Typ,1,Fa,Detchd,1999.0,Unf,2,440,TA,TA,Y,0,32,0,0,0,0,,,,0,6,2007,WD,Normal
70,90,RL,64.0,7018,Pave,,Reg,Bnk,AllPub,Inside,Gtl,SawyerW,Norm,Norm,Duplex,1Story,5,5,1979,1979,Gable,CompShg,Plywood,Plywood,None,0.0,TA,TA,Slab,,,,,0,,0,0,0,GasA,TA,Y,SBrkr,1535,0,0,1535,0,0,2,0,4,2,TA,8,Typ,0,,Attchd,1979.0,Unf,2,400,TA,TA,Y,0,0,0,0,0,0,,,,0,6,2009,WD,Alloca
71,20,RL,55.0,8250,Pave,,Reg,Lvl,AllPub,Inside,Gtl,Sawyer,Feedr,Norm,1Fam,1Story,5,5,1968,1968,Hip,CompShg,HdBoard,HdBoard,None,0.0,TA,TA,CBlock,TA,TA,No,BLQ,250,LwQ,492,210,952,GasA,Ex,Y,SBrkr,1211,0,0,1211,0,0,1,0,3,1,TA,5,Typ,1,TA,Attchd,1968.0,Unf,1,322,TA,TA,Y,0,63,0,0,0,0,,,,0,8,2008,WD,Normal
72,20,RL,77.0,8593,Pave,,IR1,Lvl,AllPub,Inside,Gtl,NAmes,Norm,Norm,1Fam,1Story,4,6,1957,1957,Hip,CompShg,MetalSd,MetalSd,None,0.0,TA,TA,CBlock,TA,TA,No,Rec,288,Unf,0,619,907,GasA,Ex,Y,SBrkr,907,0,0,907,0,0,1,0,3,1,TA,5,Typ,0,,Detchd,1964.0,Unf,1,352,TA,TA,Y,0,0,0,0,0,0,,,,0,7,2008,WD,Normal
73,90,RL,60.0,8544,Pave,,Reg,Lvl,AllPub,Inside,Gtl,NAmes,Norm,Norm,Duplex,1Story,3,4,1950,1950,Gable,CompShg,Stucco,Stone,None,0.0,TA,TA,CBlock,,,,,0,,0,0,0,GasA,Gd,N,FuseF,1040,0,0,1040,0,0,2,0,2,2,TA,6,Typ,0,,Detchd,1949.0,Unf,2,400,TA,TA,Y,0,0,0,0,0,0,,,,0,7,2006,WD,Normal
74,20,RL,100.0,12919,Pave,,IR1,Lvl,AllPub,Inside,Gtl,NridgHt,Norm,Norm,1Fam,1Story,9,5,2009,2010,Hip,CompShg,VinylSd,VinylSd,Stone,760.0,Ex,TA,PConc,Ex,TA,Gd,GLQ,2188,Unf,0,142,2330,GasA,Ex,Y,SBrkr,2364,0,0,2364,1,0,2,1,2,1,Ex,11,Typ,2,Gd,Attchd,2009.0,Fin,3,820,TA,TA,Y,0,67,0,0,0,0,,,,0,3,2010,New,Partial
75,120,RL,,2887,Pave,,Reg,HLS,AllPub,Inside,Gtl,ClearCr,Norm,Norm,1Fam,1Story,6,5,1996,1997,Gable,CompShg,Wd Sdng,Wd Sdng,None,0.0,TA,TA,PConc,Gd,TA,Mn,GLQ,1003,Unf,0,288,1291,GasA,Ex,Y,SBrkr,1291,0,0,1291,1,0,1,0,2,1,Gd,6,Typ,1,Gd,Attchd,1996.0,Unf,2,431,TA,TA,Y,307,0,0,0,0,0,,,,0,11,2008,WD,Normal
76,60,RL,82.0,9452,Pave,,Reg,Lvl,AllPub,Inside,Gtl,NoRidge,Norm,Norm,1Fam,2Story,8,5,1997,1998,Gable,CompShg,VinylSd,VinylSd,BrkFace,423.0,Gd,TA,PConc,Gd,TA,No,GLQ,1074,Unf,0,322,1396,GasA,Ex,Y,SBrkr,1407,985,0,2392,1,0,2,1,3,1,Gd,7,Typ,1,TA,Attchd,1997.0,Fin,3,870,TA,TA,Y,0,70,0,0,0,0,,,,0,6,2006,WD,Normal
77,60,RL,96.0,10542,Pave,,Reg,Lvl,AllPub,Inside,Gtl,NoRidge,Norm,Norm,1Fam,2Story,7,5,1993,1994,Hip,CompShg,Wd Sdng,ImStucc,BrkFace,651.0,Gd,TA,PConc,Gd,TA,Gd,GLQ,1173,Unf,0,138,1311,GasA,Ex,Y,SBrkr,1325,1093,0,2418,1,0,2,1,3,1,Gd,9,Typ,1,TA,Attchd,1993.0,RFn,3,983,TA,TA,Y,250,154,216,0,0,0,,,,0,8,2008,WD,Normal
78,20,RL,70.0,7945,Pave,,Reg,Lvl,AllPub,Inside,Gtl,NAmes,Norm,Norm,1Fam,1Story,5,6,1959,1959,Gable,CompShg,BrkFace,Wd Sdng,None,0.0,TA,TA,CBlock,TA,TA,No,ALQ,179,BLQ,506,465,1150,GasA,Ex,Y,FuseA,1150,0,0,1150,1,0,1,0,3,1,TA,6,Typ,0,,Attchd,1959.0,RFn,1,300,TA,TA,Y,0,0,0,0,0,0,,,,0,5,2006,WD,Normal
79,20,RL,60.0,7200,Pave,,Reg,Bnk,AllPub,Inside,Gtl,CollgCr,Norm,Norm,1Fam,1Story,5,7,1972,1972,Gable,CompShg,HdBoard,HdBoard,None,0.0,TA,TA,CBlock,TA,TA,Av,ALQ,632,Unf,0,148,780,GasA,Ex,Y,SBrkr,780,0,0,780,0,0,1,0,2,1,TA,4,Typ,0,,Detchd,1973.0,Unf,1,352,TA,TA,Y,196,0,0,0,0,0,,MnPrv,,0,1,2008,WD,Normal
80,160,RM,21.0,1680,Pave,,Reg,Lvl,AllPub,Inside,Gtl,BrDale,Norm,Norm,Twnhs,2Story,6,8,1972,2007,Gable,CompShg,HdBoard,HdBoard,BrkFace,510.0,TA,TA,CBlock,TA,TA,No,ALQ,162,Unf,0,321,483,GasA,Gd,Y,SBrkr,483,504,0,987,0,0,1,1,2,1,Gd,5,Typ,0,,Detchd,1972.0,Unf,1,264,TA,TA,Y,250,0,0,0,0,0,,,,0,5,2009,WD,Normal
81,30,RM,60.0,8967,Pave,,Reg,Lvl,AllPub,Corner,Gtl,IDOTRR,Norm,Norm,1Fam,1Story,5,2,1920,1950,Gable,CompShg,MetalSd,MetalSd,None,0.0,TA,Fa,BrkTil,Fa,Po,No,Unf,0,Unf,0,961,961,GasA,Gd,Y,Mix,1077,0,0,1077,0,0,1,0,2,1,TA,6,Maj2,0,,Detchd,1920.0,Unf,1,338,Po,Po,N,0,0,0,0,0,0,,,,0,11,2007,WD,Abnorml
82,20,RL,100.0,21750,Pave,,Reg,HLS,AllPub,Inside,Mod,Mitchel,Artery,Norm,1Fam,1Story,5,5,1954,1954,Hip,CompShg,HdBoard,HdBoard,None,0.0,TA,TA,CBlock,TA,TA,No,Unf,0,Unf,0,988,988,GasA,Ex,Y,FuseA,988,0,0,988,0,0,1,0,2,1,TA,4,Typ,0,,Attchd,1954.0,RFn,2,520,TA,TA,N,0,0,0,0,0,0,,,,0,2,2008,WD,Normal
83,30,RM,50.0,5784,Pave,,Reg,Lvl,AllPub,Inside,Gtl,OldTown,Artery,Norm,1Fam,1Story,5,8,1938,1996,Gable,CompShg,MetalSd,MetalSd,None,0.0,TA,TA,BrkTil,Fa,TA,No,Unf,0,Unf,0,190,190,GasA,Gd,Y,FuseA,886,0,0,886,0,0,1,0,2,1,TA,4,Typ,0,,Attchd,1938.0,Unf,1,273,TA,TA,Y,144,20,80,0,0,0,,,,0,12,2009,WD,Normal
84,60,RL,74.0,7844,Pave,,Reg,Lvl,AllPub,Inside,Gtl,Sawyer,Norm,Norm,1Fam,2Story,6,7,1978,1978,Hip,CompShg,HdBoard,HdBoard,BrkFace,203.0,TA,TA,CBlock,TA,TA,No,ALQ,209,Unf,0,463,672,GasA,TA,Y,SBrkr,672,728,0,1400,0,0,1,1,3,1,TA,6,Typ,1,TA,Attchd,1978.0,Fin,2,440,TA,TA,Y,0,0,0,0,0,0,,,,0,3,2006,WD,Normal
85,50,RM,51.0,6120,Pave,,Reg,Lvl,AllPub,Inside,Gtl,BrkSide,Norm,Norm,1Fam,1.5Fin,4,7,1935,1995,Gable,CompShg,AsbShng,AsbShng,None,0.0,TA,TA,BrkTil,TA,TA,No,Unf,0,Unf,0,884,884,GasA,Ex,Y,SBrkr,989,584,0,1573,0,0,1,0,3,1,Gd,6,Typ,0,,Detchd,1935.0,Unf,1,240,TA,TA,Y,0,0,54,0,120,0,,,,0,7,2009,WD,Normal
86,60,FV,84.0,10728,Pave,,Reg,Lvl,AllPub,Inside,Gtl,Somerst,Norm,Norm,1Fam,2Story,8,5,2006,2006,Gable,CompShg,VinylSd,VinylSd,None,0.0,Gd,TA,PConc,Gd,TA,Mn,Unf,0,Unf,0,1095,1095,GasA,Gd,Y,SBrkr,1095,844,0,1939,0,0,2,1,3,1,Gd,8,Typ,1,Gd,Attchd,2006.0,RFn,3,1053,TA,TA,Y,192,51,0,0,0,0,,,,0,8,2006,New,Partial
87,120,RL,,5271,Pave,,IR1,Low,AllPub,Inside,Mod,ClearCr,Norm,Norm,1Fam,1Story,7,5,1986,1986,Gable,CompShg,Wd Sdng,Wd Sdng,None,0.0,TA,TA,PConc,Gd,TA,Gd,GLQ,1082,Unf,0,371,1453,GasA,Gd,Y,SBrkr,1453,0,0,1453,1,0,1,1,2,1,Gd,6,Typ,1,TA,Attchd,1986.0,RFn,2,445,TA,TA,Y,0,80,0,0,184,0,,,,0,12,2006,WD,Abnorml
88,120,RM,37.0,4435,Pave,,Reg,Lvl,AllPub,Inside,Gtl,CollgCr,Norm,Norm,TwnhsE,1Story,6,5,2004,2004,Gable,CompShg,VinylSd,VinylSd,BrkFace,169.0,Gd,TA,PConc,Gd,TA,Mn,GLQ,662,Unf,0,186,848,GasA,Ex,Y,SBrkr,848,0,0,848,1,0,1,0,1,1,Gd,3,Typ,1,Gd,Attchd,2004.0,RFn,2,420,TA,TA,Y,140,0,0,0,0,0,,,,0,5,2006,WD,Normal
89,60,RL,85.0,11103,Pave,,IR1,Lvl,AllPub,Corner,Gtl,CollgCr,Norm,Norm,1Fam,2Story,7,5,2006,2006,Gable,CompShg,VinylSd,VinylSd,None,0.0,Gd,TA,PConc,Gd,TA,No,Unf,0,Unf,0,728,728,GasA,Ex,Y,SBrkr,728,728,0,1456,0,0,2,1,3,1,Gd,8,Typ,1,TA,Attchd,2006.0,Fin,2,440,TA,TA,Y,0,0,0,0,0,0,,,,0,7,2007,New,Partial
90,30,RM,90.0,8100,Pave,Pave,Reg,Lvl,AllPub,Inside,Gtl,OldTown,Norm,Norm,1Fam,1Story,5,6,1948,1973,Gable,CompShg,VinylSd,VinylSd,None,0.0,TA,TA,BrkTil,TA,TA,No,Rec,338,Unf,0,1221,1559,GasA,Gd,Y,SBrkr,1559,0,0,1559,1,0,1,0,2,1,TA,5,Min2,0,,Detchd,1948.0,Unf,2,812,TA,TA,Y,0,116,230,0,0,0,,GdWo,,0,6,2007,COD,Normal
91,60,RL,80.0,10793,Pave,,Reg,Lvl,AllPub,Inside,Gtl,NWAmes,RRAn,Norm,1Fam,2Story,5,5,1969,1969,Mansard,CompShg,WdShing,HdBoard,BrkFace,263.0,TA,TA,CBlock,TA,TA,No,Rec,493,BLQ,287,0,780,GasA,Ex,Y,SBrkr,780,840,0,1620,0,0,2,1,4,1,TA,7,Min1,0,,Attchd,1969.0,Fin,2,462,TA,TA,Y,208,0,0,0,0,0,,GdWo,,0,4,2007,WD,Normal
92,20,RL,76.0,8314,Pave,,Reg,Lvl,AllPub,Corner,Gtl,Mitchel,Norm,Norm,1Fam,1Story,5,7,1982,1982,Gable,CompShg,HdBoard,ImStucc,None,0.0,TA,TA,CBlock,TA,TA,Gd,ALQ,546,Unf,0,270,816,GasA,TA,Y,SBrkr,816,0,0,816,0,0,1,0,2,1,TA,5,Typ,0,,Attchd,1982.0,Unf,1,264,TA,TA,Y,168,0,0,0,0,0,,,,0,6,2007,WD,Normal
93,60,RL,86.0,10380,Pave,,IR1,Lvl,AllPub,Inside,Gtl,SawyerW,Norm,Norm,1Fam,2Story,7,5,1986,1987,Gable,CompShg,Plywood,Plywood,BrkFace,172.0,Gd,TA,CBlock,TA,TA,Gd,LwQ,28,ALQ,1474,0,1502,GasA,Ex,Y,SBrkr,1553,1177,0,2730,1,0,2,1,4,1,Gd,8,Typ,1,TA,Attchd,1987.0,Fin,2,576,TA,TA,Y,201,96,0,0,0,0,,MnPrv,,0,8,2007,WD,Normal
94,90,RL,72.0,10778,Pave,,Reg,Lvl,AllPub,Inside,Gtl,Sawyer,Norm,Norm,Duplex,1Story,4,5,1968,1968,Hip,CompShg,HdBoard,HdBoard,None,0.0,TA,TA,CBlock,TA,TA,No,Unf,0,Unf,0,1768,1768,GasA,TA,N,SBrkr,1768,0,0,1768,0,0,2,0,4,2,TA,8,Typ,0,,,,,0,0,,,Y,0,0,0,0,0,0,,,,0,4,2010,WD,Normal
95,20,RL,65.0,10237,Pave,,Reg,Lvl,AllPub,Inside,Gtl,Gilbert,RRAn,Norm,1Fam,1Story,6,5,2005,2006,Gable,CompShg,VinylSd,VinylSd,None,0.0,Gd,TA,PConc,Gd,TA,No,GLQ,28,Unf,0,1288,1316,GasA,Ex,Y,SBrkr,1316,0,0,1316,0,0,2,0,3,1,Gd,6,Typ,1,Gd,Attchd,2005.0,Fin,2,397,TA,TA,Y,100,0,0,23,0,0,,,,0,10,2006,New,Partial
96,50,RL,55.0,7264,Pave,,Reg,Lvl,AllPub,Inside,Gtl,BrkSide,Norm,Norm,1Fam,1.5Fin,7,7,1925,2007,Gable,CompShg,Wd Sdng,Wd Sdng,None,0.0,Gd,Gd,BrkTil,TA,TA,No,Unf,0,Unf,0,952,952,GasW,Gd,N,SBrkr,952,596,0,1548,0,0,2,1,3,1,Ex,5,Typ,0,,Detchd,1978.0,Unf,2,672,TA,TA,Y,74,0,0,0,144,0,,,,0,10,2009,WD,Normal
97,160,FV,35.0,3735,Pave,,Reg,Lvl,AllPub,FR3,Gtl,Somerst,Norm,Norm,TwnhsE,2Story,7,5,1999,1999,Hip,CompShg,MetalSd,MetalSd,BrkFace,218.0,Gd,TA,PConc,Gd,TA,No,GLQ,450,Unf,0,241,691,GasA,Ex,Y,SBrkr,713,739,0,1452,1,0,2,1,3,1,Gd,6,Typ,0,,Detchd,1999.0,Unf,2,506,TA,TA,Y,0,34,0,0,0,0,,,,0,3,2006,WD,Normal
98,20,RL,73.0,8990,Pave,,IR1,Lvl,AllPub,Inside,Gtl,CollgCr,Norm,Norm,1Fam,1Story,7,5,2006,2006,Gable,CompShg,VinylSd,VinylSd,None,0.0,Gd,TA,PConc,Gd,TA,Mn,Unf,0,Unf,0,1498,1498,GasA,Ex,Y,SBrkr,1498,0,0,1498,0,0,2,0,2,1,Gd,5,Typ,0,,Attchd,2006.0,RFn,2,675,TA,TA,Y,351,33,0,0,0,0,,,,0,4,2006,New,Partial
99,60,RL,94.0,13005,Pave,,IR1,Lvl,AllPub,Corner,Gtl,NWAmes,Norm,Norm,1Fam,2Story,7,7,1980,1980,Gable,CompShg,CemntBd,CmentBd,BrkFace,278.0,Gd,TA,CBlock,Gd,TA,No,GLQ,692,Unf,0,153,845,GasA,TA,Y,SBrkr,1153,1200,0,2353,1,0,2,1,4,1,Ex,10,Typ,1,TA,Attchd,1983.0,RFn,2,484,TA,TA,Y,288,195,0,0,0,0,,GdPrv,,0,8,2009,WD,Normal
100,20,RL,,12155,Pave,,IR3,Lvl,AllPub,Inside,Gtl,NAmes,PosN,Norm,1Fam,1Story,6,3,1970,1970,Gable,CompShg,Plywood,Plywood,None,0.0,TA,TA,CBlock,Gd,TA,No,LwQ,1237,Unf,0,420,1657,GasA,Gd,Y,SBrkr,1657,0,0,1657,0,1,2,0,3,1,TA,7,Typ,1,TA,Attchd,1970.0,Unf,2,484,TA,TA,Y,0,0,0,0,147,0,,,,0,3,2007,WD,Normal
101,60,RL,65.0,8158,Pave,,Reg,Lvl,AllPub,Inside,Gtl,CollgCr,Norm,Norm,1Fam,2Story,7,5,2003,2003,Gable,CompShg,VinylSd,VinylSd,BrkFace,252.0,Gd,TA,PConc,Gd,TA,No,GLQ,550,Unf,0,334,884,GasA,Ex,Y,SBrkr,884,884,0,1768,1,0,2,1,3,1,Gd,8,Typ,0,,Attchd,2003.0,RFn,2,543,TA,TA,Y,0,63,0,0,0,0,,,,0,7,2008,WD,Normal
102,20,RL,95.0,13651,Pave,,IR1,Lvl,AllPub,Inside,Gtl,NAmes,Norm,Norm,1Fam,1Story,7,6,1973,1973,Gable,CompShg,Plywood,Plywood,BrkFace,1115.0,TA,Gd,CBlock,Gd,TA,Gd,ALQ,1880,Unf,0,343,2223,GasA,Ex,Y,SBrkr,2223,0,0,2223,1,0,2,0,3,1,TA,8,Typ,2,Gd,Attchd,1973.0,Fin,2,516,TA,TA,Y,300,0,0,0,0,0,,,,0,2,2007,WD,Normal
103,45,RM,51.0,6120,Pave,,Reg,Lvl,AllPub,Corner,Gtl,BrkSide,Norm,Norm,1Fam,1.5Unf,7,8,1929,2001,Gable,CompShg,Wd Sdng,Wd Sdng,None,0.0,TA,TA,BrkTil,TA,TA,No,Unf,0,Unf,0,832,832,GasA,Ex,Y,FuseA,854,0,0,854,0,0,1,0,2,1,TA,5,Typ,0,,Detchd,1991.0,Unf,2,576,TA,TA,Y,48,112,0,0,0,0,,GdPrv,,0,7,2007,WD,Normal
104,80,RL,,16157,Pave,,IR1,Lvl,AllPub,FR2,Gtl,Veenker,Feedr,Norm,1Fam,SLvl,5,7,1978,1978,Gable,CompShg,Plywood,Plywood,None,0.0,TA,TA,PConc,Gd,TA,Gd,ALQ,680,Rec,391,289,1360,GasA,Ex,Y,SBrkr,1432,0,0,1432,1,0,1,1,2,1,Gd,5,Typ,1,TA,Attchd,1978.0,Unf,2,588,TA,TA,Y,168,180,0,0,0,0,,,,0,6,2007,WD,Normal
105,20,RL,70.0,8400,Pave,,Reg,Lvl,AllPub,Inside,Gtl,NAmes,Norm,Norm,1Fam,1Story,6,3,1957,1957,Hip,CompShg,BrkFace,BrkFace,None,0.0,TA,TA,CBlock,TA,TA,No,ALQ,189,Rec,661,628,1478,GasA,Gd,Y,SBrkr,1478,0,0,1478,1,0,1,1,3,1,TA,6,Typ,2,Gd,Attchd,1957.0,RFn,2,442,TA,TA,Y,114,0,0,0,216,0,,,,0,6,2009,WD,Normal
106,20,RL,61.0,7930,Pave,,Reg,Lvl,AllPub,Inside,Gtl,NAmes,Norm,Norm,1Fam,1Story,6,8,1969,2005,Gable,CompShg,Plywood,Plywood,None,0.0,TA,TA,CBlock,TA,TA,No,GLQ,439,LwQ,472,115,1026,GasA,Gd,Y,SBrkr,1026,0,0,1026,1,0,1,0,3,1,Gd,5,Typ,0,,Detchd,1969.0,RFn,2,440,TA,TA,Y,171,48,0,0,0,0,,,,0,7,2009,WD,Normal
107,120,RL,,6563,Pave,,IR1,Low,AllPub,CulDSac,Mod,StoneBr,Norm,Norm,1Fam,1Story,8,5,1985,1985,Gable,CompShg,HdBoard,HdBoard,None,0.0,Gd,TA,PConc,Gd,TA,Gd,GLQ,1148,Unf,0,594,1742,GasA,TA,Y,SBrkr,1742,0,0,1742,1,0,2,0,2,1,Gd,5,Typ,1,TA,Attchd,1985.0,RFn,2,564,TA,TA,Y,114,28,234,0,0,0,,,,0,12,2006,WD,Normal
108,20,RL,57.0,9245,Pave,,IR2,Lvl,AllPub,Inside,Gtl,CollgCr,Norm,Norm,1Fam,1Story,5,5,1994,1995,Gable,CompShg,VinylSd,VinylSd,None,0.0,TA,TA,PConc,Gd,TA,No,GLQ,686,Unf,0,304,990,GasA,Ex,Y,SBrkr,990,0,0,990,0,1,1,0,3,1,TA,5,Typ,0,,Detchd,1996.0,Unf,2,672,TA,TA,Y,0,0,0,0,0,0,,,,0,2,2008,WD,Normal
109,60,RL,70.0,11606,Pave,,IR1,HLS,AllPub,Inside,Sev,NAmes,Norm,Norm,1Fam,2Story,5,5,1969,1969,Gable,CompShg,Plywood,Plywood,BrkFace,192.0,TA,TA,PConc,Gd,TA,Av,Rec,650,Unf,0,390,1040,GasA,TA,Y,SBrkr,1040,1040,0,2080,0,1,1,2,5,1,Fa,9,Typ,2,TA,Attchd,1969.0,Unf,2,504,TA,TA,Y,335,0,0,0,0,0,,,,0,9,2007,WD,Family
110,30,RM,51.0,6120,Pave,,Reg,Lvl,AllPub,Inside,Gtl,BrkSide,Norm,Norm,1Fam,1Story,2,3,1936,1950,Gable,CompShg,AsbShng,AsbShng,None,0.0,Fa,Fa,BrkTil,TA,Fa,No,Unf,0,Unf,0,264,264,Grav,Fa,N,FuseA,800,0,0,800,0,0,1,0,1,1,Fa,4,Maj1,1,Po,,,,0,0,,,N,0,0,0,0,0,0,,,,0,1,2009,ConLw,Normal
111,20,RL,60.0,8430,Pave,,Reg,HLS,AllPub,Inside,Mod,CollgCr,Norm,Norm,1Fam,1Story,5,5,1978,1978,Gable,CompShg,HdBoard,HdBoard,BrkFace,136.0,TA,TA,CBlock,Gd,TA,No,Rec,616,Unf,0,424,1040,GasA,TA,Y,SBrkr,1040,0,0,1040,0,0,2,0,3,1,TA,5,Typ,0,,,,,0,0,,,Y,0,0,0,0,0,0,,,,0,8,2009,WD,Normal
112,20,RL,,6897,Pave,,IR1,Lvl,AllPub,Corner,Gtl,Sawyer,Norm,Norm,1Fam,1Story,5,8,1962,2010,Gable,CompShg,HdBoard,HdBoard,None,0.0,TA,Gd,CBlock,TA,TA,No,ALQ,659,Unf,0,381,1040,GasA,Ex,Y,SBrkr,1040,0,0,1040,1,0,1,1,3,1,TA,6,Typ,0,,Detchd,1962.0,Unf,1,260,TA,TA,Y,0,104,0,0,0,0,,,,0,4,2010,WD,Normal
113,70,RM,51.0,6120,Pave,,Reg,Lvl,AllPub,Inside,Gtl,BrkSide,Norm,Norm,1Fam,2Story,5,8,1920,2004,Gable,CompShg,MetalSd,MetalSd,None,0.0,TA,TA,BrkTil,TA,TA,Mn,Unf,0,Unf,0,939,939,GasA,Ex,Y,SBrkr,939,574,0,1513,0,0,1,1,4,1,TA,8,Typ,0,,Detchd,1933.0,Unf,1,180,Fa,Fa,N,24,0,150,0,0,0,,,,0,5,2007,WD,Normal
114,60,RL,79.0,9245,Pave,,IR1,Lvl,AllPub,Inside,Gtl,CollgCr,Norm,Norm,1Fam,2Story,7,5,2006,2006,Gable,CompShg,VinylSd,VinylSd,None,0.0,Gd,TA,PConc,Gd,TA,Av,Unf,0,Unf,0,939,939,GasA,Ex,Y,SBrkr,939,858,0,1797,0,0,2,1,3,1,Gd,8,Typ,0,,Attchd,2006.0,RFn,2,639,TA,TA,Y,144,53,0,0,0,0,,,,0,4,2007,WD,Normal
115,30,RM,60.0,7200,Pave,,Reg,Lvl,AllPub,Corner,Gtl,OldTown,Norm,Norm,1Fam,1Story,5,7,1940,1992,Gable,CompShg,MetalSd,MetalSd,Stone,294.0,TA,Gd,CBlock,TA,TA,No,BLQ,510,Unf,0,278,788,GasA,TA,Y,SBrkr,804,0,0,804,1,0,1,0,2,1,Gd,4,Typ,2,Gd,Attchd,1940.0,Unf,1,240,TA,TA,Y,0,0,154,0,0,0,,MnPrv,,0,2,2010,WD,Abnorml
116,20,RM,50.0,6000,Pave,,Reg,Lvl,AllPub,Corner,Gtl,OldTown,Norm,Norm,1Fam,1Story,4,7,1954,2000,Gable,CompShg,MetalSd,MetalSd,None,0.0,TA,TA,CBlock,TA,TA,No,Unf,0,Unf,0,901,901,GasA,Ex,Y,SBrkr,901,0,0,901,0,0,1,0,2,1,TA,4,Typ,0,,Detchd,1954.0,Unf,1,281,Fa,TA,Y,0,0,0,0,0,0,,,,0,8,2008,WD,Normal
117,20,RL,70.0,8294,Pave,,Reg,Lvl,AllPub,Inside,Gtl,NAmes,Norm,Norm,1Fam,1Story,4,5,1971,1971,Gable,CompShg,MetalSd,MetalSd,None,0.0,TA,TA,CBlock,TA,TA,No,Unf,0,Unf,0,858,858,GasA,TA,Y,SBrkr,872,0,0,872,0,0,1,0,3,1,TA,5,Typ,0,,Detchd,1974.0,Unf,4,480,TA,TA,Y,0,0,0,0,0,0,,GdWo,,0,6,2007,WD,Normal
118,90,RM,68.0,8930,Pave,,Reg,Lvl,AllPub,Inside,Gtl,Sawyer,RRAe,Norm,Duplex,1.5Fin,6,5,1978,1978,Gable,CompShg,VinylSd,VinylSd,None,0.0,TA,TA,Slab,,,,,0,,0,0,0,GasA,TA,Y,SBrkr,1318,584,0,1902,0,0,2,0,4,2,TA,8,Typ,0,,Attchd,1978.0,Unf,2,539,TA,TA,Y,0,0,0,0,0,0,,,,0,4,2010,WD,Normal
119,20,RL,85.0,10655,Pave,,IR1,Lvl,AllPub,Inside,Gtl,NridgHt,Norm,Norm,1Fam,1Story,8,5,2003,2004,Gable,CompShg,VinylSd,VinylSd,BrkFace,296.0,Gd,TA,PConc,Gd,TA,No,GLQ,1124,,479,1603,3206,GasA,Ex,Y,SBrkr,1629,0,0,1629,1,0,2,0,3,1,Gd,7,Typ,1,Gd,Attchd,2003.0,RFn,3,880,TA,TA,Y,0,0,0,0,0,0,,,,0,10,2009,WD,Normal
120,120,RH,34.0,4058,Pave,,Reg,Lvl,AllPub,Inside,Gtl,NAmes,Norm,Norm,TwnhsE,SFoyer,7,5,1998,1998,Gable,CompShg,MetalSd,MetalSd,BrkFace,182.0,TA,TA,PConc,Gd,TA,Av,GLQ,584,LwQ,139,0,723,GasA,Ex,Y,SBrkr,767,0,0,767,1,0,1,0,1,1,TA,4,Typ,0,,Attchd,1998.0,Fin,1,367,TA,TA,Y,120,40,0,0,0,0,,,,0,6,2007,WD,Normal
121,120,RM,,4438,Pave,,Reg,Lvl,AllPub,Inside,Gtl,CollgCr,Norm,Norm,TwnhsE,1Story,6,5,2004,2004,Gable,CompShg,VinylSd,VinylSd,BrkFace,205.0,Gd,TA,PConc,Gd,TA,Av,GLQ,662,Unf,0,186,848,GasA,Ex,Y,SBrkr,848,0,0,848,1,0,1,0,1,1,Gd,3,Typ,1,Gd,Attchd,2004.0,RFn,2,420,TA,TA,Y,149,0,0,0,0,0,,,,0,1,2008,WD,Normal
122,60,RL,57.0,8773,Pave,,IR1,HLS,AllPub,Inside,Gtl,Gilbert,Norm,Norm,1Fam,2Story,6,5,1997,1997,Gable,CompShg,VinylSd,VinylSd,None,0.0,TA,TA,PConc,Gd,TA,Av,Unf,0,Unf,0,916,916,GasA,Gd,Y,SBrkr,916,684,0,1600,0,0,2,1,3,1,TA,7,Typ,1,TA,Attchd,1997.0,Fin,2,460,TA,TA,Y,100,38,0,0,0,0,,,,0,8,2007,WD,Normal
123,50,RL,64.0,13053,Pave,Pave,Reg,Bnk,AllPub,Inside,Gtl,BrkSide,Norm,Norm,1Fam,1.5Fin,6,7,1923,2000,Gambrel,CompShg,Wd Sdng,Wd Sdng,None,0.0,TA,TA,BrkTil,TA,TA,No,Unf,0,Unf,0,833,833,GasA,Gd,Y,SBrkr,1053,795,0,1848,0,0,1,1,4,1,Gd,8,Typ,1,Gd,Detchd,1922.0,Unf,2,370,TA,TA,N,0,0,0,0,220,0,,,,0,6,2008,WD,Normal
124,20,RL,130.0,11457,Pave,,IR1,Lvl,AllPub,Corner,Gtl,Timber,Norm,Norm,1Fam,1Story,6,5,1988,1988,Gable,CompShg,HdBoard,HdBoard,None,0.0,TA,TA,CBlock,Gd,TA,Mn,GLQ,1005,Unf,0,387,1392,GasA,TA,Y,SBrkr,1412,0,0,1412,1,0,2,0,3,1,Gd,6,Typ,1,TA,Attchd,1988.0,Unf,2,576,TA,TA,Y,0,0,169,0,0,0,,,,0,3,2009,WD,Normal
125,20,RL,,13526,Pave,,IR1,Lvl,AllPub,CulDSac,Gtl,Sawyer,Norm,Norm,1Fam,1Story,5,6,1965,1965,Hip,CompShg,HdBoard,Plywood,BrkFace,114.0,TA,TA,CBlock,TA,TA,No,BLQ,560,LwQ,375,0,935,GasA,TA,Y,SBrkr,935,0,0,935,1,0,1,0,3,1,TA,5,Typ,0,,Attchd,1965.0,Unf,1,288,TA,TA,Y,180,0,0,0,0,0,,MnPrv,,0,11,2006,WD,Normal
126,60,RL,,8795,Pave,,IR1,Lvl,AllPub,Inside,Gtl,Gilbert,Norm,Norm,1Fam,2Story,7,5,2000,2000,Gable,CompShg,VinylSd,VinylSd,None,0.0,Gd,TA,PConc,Gd,TA,No,GLQ,300,Unf,0,652,952,GasA,Ex,Y,SBrkr,980,1276,0,2256,0,0,2,1,4,1,Gd,8,Typ,1,TA,BuiltIn,2000.0,Fin,2,554,TA,TA,Y,224,54,0,0,0,0,,,,0,4,2009,WD,Normal
127,40,RM,50.0,9100,Pave,,Reg,Lvl,AllPub,Inside,Gtl,BrkSide,RRAn,Feedr,1Fam,1Story,5,6,1930,1960,Gable,CompShg,VinylSd,VinylSd,None,0.0,TA,TA,BrkTil,TA,TA,No,Unf,0,Unf,0,742,742,GasA,TA,Y,FuseA,779,0,156,935,0,0,1,0,2,1,TA,4,Typ,0,,Detchd,1988.0,Unf,1,308,TA,TA,P,0,0,0,0,0,0,,,Shed,600,8,2008,WD,Normal
128,20,RL,75.0,9525,Pave,,Reg,Lvl,AllPub,Inside,Gtl,CollgCr,Norm,Norm,1Fam,1Story,5,6,1995,2006,Gable,CompShg,VinylSd,VinylSd,None,0.0,TA,TA,PConc,Gd,TA,No,Unf,0,Unf,0,1099,1099,GasA,Ex,Y,SBrkr,1099,0,0,1099,0,0,1,1,3,1,Gd,6,Typ,0,,Attchd,1999.0,Unf,1,352,TA,TA,Y,278,0,0,0,0,0,,,,0,6,2008,WD,Normal
129,60,RL,78.0,10140,Pave,,Reg,Lvl,AllPub,Inside,Gtl,NWAmes,Norm,Norm,1Fam,2Story,7,5,1976,1976,Gable,CompShg,HdBoard,HdBoard,None,0.0,TA,TA,PConc,Gd,TA,No,GLQ,194,Unf,0,638,832,GasA,TA,Y,SBrkr,832,832,0,1664,0,0,2,1,4,1,TA,8,Typ,1,TA,Attchd,1976.0,RFn,2,528,TA,TA,Y,0,28,0,0,259,0,,GdWo,,0,3,2006,WD,Normal
130,60,RL,64.0,8320,Pave,,Reg,Lvl,AllPub,Inside,Gtl,CollgCr,Norm,Norm,1Fam,2Story,7,5,2004,2004,Gable,CompShg,VinylSd,VinylSd,None,0.0,Gd,TA,PConc,Gd,TA,No,GLQ,490,Unf,0,280,770,GasA,Ex,Y,SBrkr,770,812,0,1582,0,0,2,1,3,1,Gd,6,Typ,0,,Attchd,2004.0,RFn,2,520,TA,TA,Y,0,45,0,0,0,0,,,,0,9,2008,WD,Normal
131,20,RL,88.0,11443,Pave,,Reg,Lvl,AllPub,Inside,Gtl,Timber,Norm,Norm,1Fam,1Story,8,5,2005,2006,Hip,CompShg,VinylSd,VinylSd,BrkFace,208.0,Gd,TA,PConc,Ex,TA,Gd,GLQ,1460,Unf,0,408,1868,GasA,Ex,Y,SBrkr,2028,0,0,2028,1,0,2,0,2,1,Gd,7,Typ,2,Gd,Attchd,2005.0,RFn,3,880,TA,TA,Y,326,66,0,0,0,0,,,,0,3,2006,New,Partial
132,60,RL,80.0,10400,Pave,,Reg,Lvl,AllPub,Corner,Gtl,CollgCr,Norm,Norm,1Fam,2Story,7,5,1998,1998,Gable,CompShg,VinylSd,VinylSd,None,0.0,TA,TA,PConc,Gd,TA,Av,Unf,0,Unf,0,866,866,GasA,Ex,Y,SBrkr,866,913,0,1779,0,0,2,1,3,1,Gd,6,Typ,0,,Attchd,1998.0,RFn,2,546,TA,TA,Y,198,36,0,0,0,0,,,,0,3,2009,WD,Normal
133,75,RM,92.0,5520,Pave,,Reg,Lvl,AllPub,Corner,Gtl,OldTown,Norm,Norm,1Fam,2.5Fin,6,6,1912,1950,Gable,CompShg,Wd Sdng,Wd Sdng,None,0.0,TA,TA,CBlock,TA,TA,No,Unf,0,Unf,0,755,755,GasA,Ex,Y,SBrkr,929,929,371,2229,0,0,1,0,5,1,TA,8,Typ,0,,,,,0,0,,,Y,0,198,30,0,0,0,,MnPrv,,0,7,2009,WD,Abnorml
134,20,C (all),50.0,9000,Pave,,Reg,Lvl,AllPub,Inside,Gtl,IDOTRR,Norm,Norm,1Fam,1Story,2,3,1949,1950,Gable,CompShg,AsbShng,AsbShng,None,0.0,TA,TA,CBlock,TA,TA,Av,BLQ,50,Unf,0,430,480,GasA,TA,N,FuseA,480,0,0,480,1,0,0,0,1,1,TA,4,Typ,0,,Detchd,1958.0,Unf,1,308,TA,TA,Y,0,0,0,0,0,0,,,,0,10,2006,WD,Abnorml
135,20,RL,96.0,12456,Pave,,Reg,Lvl,AllPub,FR2,Gtl,NridgHt,Norm,Norm,1Fam,1Story,10,5,2006,2007,Hip,CompShg,CemntBd,CmentBd,Stone,230.0,Ex,TA,PConc,Ex,TA,Gd,GLQ,1172,Unf,0,528,1700,GasA,Ex,Y,SBrkr,1718,0,0,1718,1,0,2,0,3,1,Ex,7,Typ,1,Gd,Attchd,2008.0,Fin,3,786,TA,TA,Y,216,48,0,0,0,0,,,,0,7,2009,WD,Normal
136,120,RL,65.0,8769,Pave,,Reg,Lvl,AllPub,Corner,Gtl,NridgHt,Norm,Norm,TwnhsE,1Story,9,5,2008,2008,Hip,CompShg,MetalSd,MetalSd,BrkFace,766.0,Ex,TA,PConc,Ex,TA,No,GLQ,1540,Unf,0,162,1702,GasA,Ex,Y,SBrkr,1702,0,0,1702,1,0,1,1,1,1,Ex,7,Typ,1,Gd,Attchd,2008.0,Fin,3,1052,TA,TA,Y,0,72,0,0,224,0,,,,0,10,2008,New,Partial
137,20,RL,,9200,Pave,,IR1,Lvl,AllPub,CulDSac,Gtl,CollgCr,Norm,Norm,1Fam,1Story,5,6,1975,1980,Hip,CompShg,VinylSd,VinylSd,None,0.0,TA,TA,CBlock,Gd,TA,Av,LwQ,280,BLQ,491,167,938,GasA,TA,Y,SBrkr,938,0,0,938,1,0,1,0,3,1,TA,5,Typ,0,,Detchd,1977.0,Unf,1,308,TA,TA,Y,145,0,0,0,0,0,,MnPrv,,0,7,2008,WD,Normal
138,20,RL,,8125,Pave,,Reg,Lvl,AllPub,Inside,Gtl,CollgCr,Norm,Norm,1Fam,1Story,7,5,2002,2002,Gable,CompShg,VinylSd,VinylSd,Stone,295.0,Gd,TA,PConc,Gd,TA,No,GLQ,986,Unf,0,668,1654,GasA,Ex,Y,SBrkr,1654,0,0,1654,1,0,2,0,3,1,Gd,6,Typ,0,,Attchd,2002.0,Unf,3,900,TA,TA,Y,0,136,0,0,0,0,,,,0,2,2006,WD,Normal
139,60,RL,104.0,21535,Pave,,IR1,Lvl,AllPub,Corner,Gtl,NoRidge,Norm,Norm,1Fam,2Story,10,6,1994,1995,Gable,WdShngl,HdBoard,HdBoard,BrkFace,1170.0,Ex,TA,PConc,Ex,TA,Gd,GLQ,1455,Unf,0,989,2444,GasA,Ex,Y,SBrkr,2444,1872,0,4316,0,1,3,1,4,1,Ex,10,Typ,2,Ex,Attchd,1994.0,Fin,3,832,TA,TA,Y,382,50,0,0,0,0,,,,0,1,2007,WD,Normal
140,60,RL,174.0,15138,Pave,,IR1,Lvl,AllPub,Inside,Gtl,NoRidge,Norm,Norm,1Fam,2Story,8,5,1995,1996,Gable,CompShg,VinylSd,VinylSd,BrkFace,506.0,Gd,TA,PConc,Gd,TA,No,GLQ,689,Unf,0,773,1462,GasA,Ex,Y,SBrkr,1490,1304,0,2794,1,0,2,1,4,1,Ex,9,Typ,1,TA,Attchd,1995.0,Fin,3,810,TA,TA,Y,0,146,202,0,0,0,,,,0,7,2009,WD,Normal
141,20,RL,70.0,13300,Pave,,Reg,Lvl,AllPub,Inside,Gtl,NAmes,Norm,Norm,1Fam,1Story,5,7,1956,2000,Hip,CompShg,Wd Sdng,Wd Sdng,None,0.0,TA,TA,CBlock,Gd,TA,No,Rec,377,Unf,0,551,928,GasA,TA,Y,SBrkr,928,0,0,928,0,0,1,0,2,1,TA,4,Typ,0,,Attchd,1956.0,Unf,1,252,TA,TA,Y,261,0,156,0,0,0,,,,0,6,2007,WD,Normal
142,60,RL,77.0,9206,Pave,,Reg,Lvl,AllPub,Inside,Gtl,SawyerW,Norm,Norm,1Fam,2Story,6,5,1985,1985,Gable,CompShg,HdBoard,HdBoard,BrkFace,336.0,Gd,TA,CBlock,Gd,TA,No,Unf,0,Unf,0,741,741,GasA,TA,Y,SBrkr,977,755,0,1732,0,0,2,1,3,1,Gd,7,Typ,1,TA,Attchd,1985.0,Fin,2,476,TA,TA,Y,192,46,0,0,0,0,,,,0,6,2010,WD,Normal
143,50,RL,60.0,8400,Pave,,Reg,Bnk,AllPub,Inside,Gtl,SWISU,Norm,Norm,1Fam,1.5Fin,6,5,1925,1950,Gable,CompShg,MetalSd,MetalSd,None,0.0,TA,TA,PConc,TA,TA,No,Rec,423,Unf,0,758,1181,GasA,Fa,Y,SBrkr,1390,304,0,1694,0,0,2,0,4,1,TA,7,Typ,1,Gd,Detchd,1925.0,Unf,2,576,TA,TA,Y,342,0,128,0,0,0,,,,0,6,2008,WD,Normal
144,190,RL,100.0,34650,Pave,,Reg,Bnk,AllPub,Inside,Gtl,Gilbert,Norm,Norm,2fmCon,1Story,5,5,1955,1955,Hip,CompShg,Wd Sdng,Wd Sdng,None,0.0,TA,TA,CBlock,TA,TA,Mn,Rec,1056,Unf,0,0,1056,GasA,TA,N,SBrkr,1056,0,0,1056,1,0,1,0,3,1,TA,5,Typ,0,,Attchd,1955.0,Fin,2,572,TA,TA,Y,264,0,0,0,0,0,,,,0,1,2006,WD,Normal
145,85,RL,68.0,7838,Pave,,Reg,Lvl,AllPub,Inside,Gtl,NAmes,Norm,Norm,1Fam,SFoyer,5,5,1967,1967,Gable,CompShg,HdBoard,HdBoard,None,0.0,TA,TA,CBlock,TA,TA,Av,ALQ,769,Unf,0,95,864,GasA,TA,Y,SBrkr,900,0,0,900,1,0,1,0,3,1,TA,6,Typ,1,Po,Attchd,1967.0,RFn,1,288,TA,TA,Y,175,144,0,0,0,0,,MnWw,,0,12,2006,WD,Normal
146,50,RL,86.0,11500,Pave,,IR1,Lvl,AllPub,Inside,Gtl,Crawfor,Norm,Norm,1Fam,1.5Fin,7,7,1936,1987,Gable,CompShg,BrkFace,BrkFace,None,0.0,Gd,TA,CBlock,Gd,TA,No,Rec,223,Unf,0,794,1017,GasA,Gd,Y,SBrkr,1020,1037,0,2057,0,0,1,1,3,1,Gd,6,Typ,1,Gd,Attchd,1936.0,Fin,1,180,Fa,TA,Y,0,0,0,0,322,0,,,,0,6,2006,WD,Normal
147,20,RL,67.0,16285,Pave,,IR2,Lvl,AllPub,Inside,Gtl,CollgCr,Norm,Norm,1Fam,1Story,7,5,2001,2002,Gable,CompShg,VinylSd,VinylSd,None,0.0,Gd,TA,PConc,Gd,TA,No,Unf,0,Unf,0,1413,1413,GasA,Ex,Y,SBrkr,1430,0,0,1430,0,0,2,0,3,1,Gd,6,Typ,0,,Attchd,2001.0,RFn,2,605,TA,TA,Y,0,33,0,0,0,0,,,,0,6,2009,WD,Normal
148,85,RL,60.0,7200,Pave,,Reg,Lvl,AllPub,Inside,Gtl,CollgCr,Norm,Norm,1Fam,SFoyer,5,8,1972,2003,Gable,CompShg,WdShing,HdBoard,None,0.0,TA,Gd,CBlock,Gd,TA,Av,GLQ,660,Unf,0,108,768,GasA,Gd,Y,SBrkr,768,0,0,768,0,1,1,0,2,1,TA,5,Typ,0,,Detchd,1974.0,Fin,1,396,TA,TA,Y,192,0,0,0,0,0,,MnPrv,,0,4,2009,WD,Normal
149,30,RL,45.0,8248,Pave,Grvl,Reg,Lvl,AllPub,Inside,Gtl,Edwards,Norm,Norm,1Fam,1Story,3,3,1914,1950,Gable,CompShg,Stucco,Stucco,None,0.0,TA,TA,BrkTil,TA,TA,No,BLQ,41,Unf,0,823,864,GasA,TA,N,FuseF,864,0,0,864,1,0,1,0,2,1,TA,5,Typ,0,,,,,0,0,,,N,0,0,100,0,0,0,,,,0,9,2008,WD,Normal
150,30,RL,80.0,11600,Pave,,Reg,Lvl,AllPub,Inside,Gtl,Crawfor,Norm,Norm,1Fam,1Story,4,5,1922,1950,Gable,CompShg,MetalSd,MetalSd,None,0.0,TA,TA,BrkTil,Fa,TA,No,Unf,0,Unf,0,700,700,GasA,Ex,Y,SBrkr,1180,0,0,1180,0,0,1,0,2,1,Fa,5,Typ,1,Gd,Detchd,1922.0,Unf,1,252,TA,Fa,Y,0,0,67,0,0,0,,,,0,7,2006,WD,Normal
151,60,RL,69.0,7590,Pave,,Reg,Lvl,AllPub,Inside,Gtl,NAmes,PosN,Norm,1Fam,2Story,6,5,1966,1966,Gable,CompShg,VinylSd,VinylSd,BrkFace,266.0,TA,TA,CBlock,TA,TA,No,BLQ,512,Unf,0,148,660,GasA,TA,Y,SBrkr,660,688,0,1348,0,0,1,1,3,1,TA,6,Typ,1,Fa,Attchd,1966.0,RFn,2,453,TA,TA,Y,188,108,0,0,0,0,,,,0,7,2006,WD,Normal
152,20,RL,,32668,Pave,,IR1,Lvl,AllPub,CulDSac,Gtl,Crawfor,Norm,Norm,1Fam,1Story,6,3,1957,1975,Hip,CompShg,Wd Sdng,Stone,,,Gd,TA,PConc,TA,TA,No,Rec,1219,Unf,0,816,2035,GasA,TA,Y,SBrkr,2515,0,0,2515,1,0,3,0,4,2,TA,9,Maj1,2,TA,Attchd,1975.0,RFn,2,484,TA,TA,Y,0,0,200,0,0,0,,,,0,3,2007,WD,Alloca
153,90,RL,80.0,11600,Pave,,Reg,Lvl,AllPub,Corner,Gtl,NAmes,Feedr,Norm,Duplex,2Story,5,5,1960,1960,Gable,CompShg,MetalSd,MetalSd,BrkFace,361.0,TA,TA,CBlock,TA,TA,No,Rec,443,Unf,0,662,1105,GasA,TA,Y,FuseA,1105,1169,0,2274,0,0,2,0,5,2,TA,12,Typ,0,,Detchd,1960.0,Unf,2,480,TA,TA,Y,0,0,0,0,0,0,,,,0,1,2010,WD,Normal
154,30,RM,60.0,9786,Pave,,Reg,Lvl,AllPub,Inside,Gtl,IDOTRR,Norm,Norm,1Fam,1Story,3,4,1922,1950,Hip,CompShg,Wd Sdng,Wd Sdng,None,0.0,TA,TA,BrkTil,TA,Fa,No,Unf,0,Unf,0,1007,1007,GasA,Fa,N,SBrkr,1077,0,0,1077,0,0,1,0,3,1,TA,6,Typ,1,Gd,Detchd,1922.0,Unf,1,210,TA,Fa,P,0,100,48,0,0,0,,,,0,5,2006,WD,Normal
155,90,RL,60.0,9000,Pave,,Reg,Lvl,AllPub,FR2,Gtl,NAmes,Norm,Norm,Duplex,2Story,5,5,1974,1974,Gable,CompShg,VinylSd,VinylSd,None,0.0,TA,TA,CBlock,Gd,TA,No,Unf,0,Unf,0,896,896,GasA,TA,Y,SBrkr,896,896,0,1792,0,0,2,2,4,2,TA,8,Typ,0,,,,,0,0,,,Y,32,45,0,0,0,0,,,,0,9,2009,WD,Normal
156,90,RL,60.0,12900,Pave,,Reg,Lvl,AllPub,Inside,Gtl,Sawyer,Feedr,Norm,Duplex,SFoyer,4,4,1969,1969,Gable,CompShg,Plywood,Plywood,None,0.0,TA,TA,CBlock,Gd,TA,Av,GLQ,1198,Unf,0,0,1198,GasA,TA,Y,SBrkr,1258,0,0,1258,2,0,0,2,0,2,TA,6,Typ,0,,CarPort,1969.0,Unf,2,400,Fa,TA,Y,120,0,0,0,0,0,,,,0,1,2008,WD,Alloca
157,20,RL,75.0,11310,Pave,,Reg,Lvl,AllPub,Inside,Gtl,NAmes,Norm,Norm,1Fam,1Story,6,5,1954,1954,Hip,CompShg,Wd Sdng,BrkFace,None,0.0,TA,TA,CBlock,TA,TA,No,Unf,0,Unf,0,1367,1367,GasA,Ex,Y,SBrkr,1375,0,0,1375,0,0,1,0,2,1,TA,5,Typ,1,TA,Attchd,1954.0,Unf,2,451,TA,TA,Y,0,30,0,0,0,0,,,,0,6,2006,WD,Normal
158,30,RL,58.0,9098,Pave,,IR1,Lvl,AllPub,Inside,Gtl,Edwards,Norm,Norm,1Fam,1Story,4,7,1920,2002,Gable,CompShg,Wd Sdng,Wd Sdng,None,0.0,TA,TA,BrkTil,TA,TA,Mn,ALQ,348,Unf,0,180,528,GasA,Ex,Y,SBrkr,605,0,0,605,1,0,1,0,2,1,TA,5,Typ,0,,,,,0,0,,,N,0,0,144,0,0,0,,,,0,7,2007,WD,Normal
159,20,RL,80.0,10000,Pave,,Reg,Lvl,AllPub,Corner,Gtl,Sawyer,Feedr,Norm,1Fam,1Story,5,6,1961,1983,Hip,CompShg,HdBoard,HdBoard,None,0.0,TA,TA,CBlock,TA,TA,No,BLQ,594,Unf,0,270,864,GasA,Ex,Y,SBrkr,1144,0,0,1144,1,0,1,0,3,1,TA,6,Typ,1,TA,Attchd,1961.0,RFn,1,264,TA,TA,Y,165,0,0,0,0,0,,GdWo,Shed,400,3,2009,WD,Normal
160,20,RL,85.0,11049,Pave,,Reg,Lvl,AllPub,Corner,Gtl,CollgCr,Norm,Norm,1Fam,1Story,8,5,2007,2007,Gable,CompShg,VinylSd,VinylSd,None,0.0,Gd,TA,PConc,Ex,TA,Av,Unf,0,Unf,0,1234,1234,GasA,Ex,Y,SBrkr,1234,0,0,1234,0,0,2,0,3,1,Gd,7,Typ,0,,Attchd,2007.0,RFn,2,484,TA,TA,Y,0,30,0,0,0,0,,,,0,1,2008,WD,Normal
161,90,RL,64.0,6979,Pave,,Reg,Lvl,AllPub,Inside,Gtl,OldTown,Norm,Norm,Duplex,SFoyer,6,5,1980,1980,Gable,CompShg,Plywood,Plywood,None,0.0,TA,TA,CBlock,TA,TA,No,GLQ,1056,Unf,0,0,1056,GasA,Gd,Y,SBrkr,1056,0,0,1056,2,0,0,0,0,2,TA,4,Typ,0,,Detchd,1980.0,Unf,2,576,TA,TA,Y,264,56,0,0,0,0,,GdPrv,Shed,600,6,2010,WD,Normal
162,20,RL,71.0,9520,Pave,,IR1,HLS,AllPub,Inside,Gtl,Timber,Norm,Norm,1Fam,1Story,8,5,2007,2008,Gable,CompShg,VinylSd,VinylSd,Stone,338.0,Gd,TA,PConc,Gd,TA,Gd,GLQ,1513,Unf,0,125,1638,GasA,Ex,Y,SBrkr,1646,0,0,1646,1,0,2,0,3,1,Gd,7,Typ,1,Gd,Attchd,2008.0,RFn,3,800,TA,TA,Y,192,44,0,0,0,0,,,,0,4,2008,New,Partial
163,20,RL,68.0,8562,Pave,,Reg,Lvl,AllPub,Inside,Mod,Edwards,Norm,Norm,1Fam,1Story,5,6,1957,2002,Hip,CompShg,HdBoard,HdBoard,Stone,145.0,TA,TA,CBlock,TA,TA,Av,Rec,383,Unf,0,833,1216,GasA,Ex,Y,FuseA,1526,0,0,1526,0,0,1,0,4,1,TA,7,Min2,1,Gd,Basment,1957.0,Unf,1,364,TA,TA,Y,116,78,0,0,0,0,,,,0,5,2010,WD,Normal
164,50,RL,80.0,8480,Pave,,Reg,Lvl,AllPub,Inside,Gtl,NAmes,Norm,Norm,1Fam,1.5Fin,5,5,1947,1950,Gable,CompShg,MetalSd,MetalSd,None,0.0,TA,TA,CBlock,TA,TA,No,Rec,442,Unf,0,390,832,GasA,TA,Y,SBrkr,832,384,0,1216,0,0,1,0,2,1,TA,6,Typ,0,,Detchd,1947.0,Unf,1,336,TA,TA,Y,158,0,102,0,0,0,,,,0,10,2008,COD,Abnorml
165,90,RL,80.0,8000,Pave,,Reg,Lvl,AllPub,Corner,Gtl,NAmes,Artery,Norm,Duplex,1Story,5,4,1961,1961,Gable,CompShg,BrkFace,BrkFace,None,0.0,TA,TA,CBlock,TA,TA,No,Unf,0,Unf,0,1800,1800,GasA,Ex,N,SBrkr,1800,0,0,1800,0,0,2,0,6,2,TA,10,Typ,0,,,,,0,0,,,Y,0,0,0,0,0,0,,,,0,7,2007,WD,Normal
166,60,FV,66.0,7399,Pave,Pave,IR1,Lvl,AllPub,Inside,Gtl,Somerst,Norm,Norm,1Fam,2Story,7,5,1997,1998,Hip,CompShg,VinylSd,VinylSd,BrkFace,1600.0,Gd,TA,PConc,Gd,TA,No,BLQ,649,Unf,0,326,975,GasA,Ex,Y,SBrkr,975,975,0,1950,0,0,2,1,3,1,Gd,7,Typ,1,TA,Detchd,1997.0,RFn,2,576,TA,TA,Y,0,10,0,0,198,0,,,,0,6,2007,WD,Normal
167,60,RL,69.0,9588,Pave,,IR1,Lvl,AllPub,Inside,Gtl,CollgCr,Norm,Norm,1Fam,2Story,8,5,2007,2007,Gable,CompShg,CemntBd,CmentBd,Stone,270.0,Gd,TA,PConc,Ex,TA,No,Unf,0,Unf,0,1482,1482,GasA,Ex,Y,SBrkr,1482,1092,0,2574,0,0,2,1,3,1,Ex,10,Typ,1,Gd,BuiltIn,2007.0,Fin,3,868,TA,TA,Y,0,148,0,0,0,0,,,,0,11,2007,New,Partial
168,60,RL,85.0,16056,Pave,,IR1,Lvl,AllPub,Inside,Gtl,StoneBr,Norm,Norm,1Fam,2Story,9,5,2005,2006,Hip,CompShg,CemntBd,CmentBd,Stone,208.0,Gd,TA,PConc,Ex,TA,Av,GLQ,240,Unf,0,1752,1992,GasA,Ex,Y,SBrkr,1992,876,0,2868,0,0,3,1,4,1,Ex,11,Typ,1,Gd,BuiltIn,2005.0,Fin,3,716,TA,TA,Y,214,108,0,0,0,0,,,,0,7,2006,New,Partial
169,70,RL,,24090,Pave,,Reg,Lvl,AllPub,Inside,Gtl,ClearCr,Norm,Norm,1Fam,2Story,7,7,1940,1950,Gable,CompShg,MetalSd,MetalSd,None,0.0,TA,Gd,CBlock,TA,TA,Mn,Unf,0,Unf,0,1032,1032,GasA,Ex,Y,SBrkr,1207,1196,0,2403,0,0,2,0,4,1,TA,10,Typ,2,TA,Attchd,1940.0,Unf,1,349,TA,TA,Y,56,0,318,0,0,0,,,,0,6,2010,COD,Normal
170,20,RL,90.0,12378,Pave,,IR1,Lvl,AllPub,Inside,Gtl,NridgHt,Norm,Norm,1Fam,1Story,9,5,2003,2004,Gable,CompShg,VinylSd,VinylSd,None,0.0,Gd,TA,PConc,Ex,TA,Gd,GLQ,1274,Unf,0,622,1896,GasA,Ex,Y,SBrkr,1944,0,0,1944,1,0,2,0,3,1,Ex,8,Typ,3,Ex,Attchd,2003.0,Fin,3,708,TA,TA,Y,208,175,0,0,0,0,,,,0,11,2006,WD,Normal
171,45,RL,55.0,5500,Pave,,Reg,Lvl,AllPub,Inside,Gtl,OldTown,Norm,Norm,1Fam,1.5Unf,4,6,1956,1956,Gable,CompShg,MetalSd,MetalSd,None,0.0,TA,TA,CBlock,TA,TA,No,Unf,0,Unf,0,882,882,GasA,Ex,Y,SBrkr,882,0,0,882,0,0,1,0,1,1,TA,4,Typ,0,,,,,0,0,,,Y,0,0,0,0,0,0,,MnPrv,,0,4,2007,WD,Normal
172,50,RL,60.0,6000,Pave,,Reg,Lvl,AllPub,Inside,Gtl,SWISU,Norm,Norm,1Fam,1.5Fin,5,5,1926,1950,Gable,CompShg,Wd Sdng,Wd Sdng,None,0.0,TA,Fa,BrkTil,TA,TA,No,Unf,0,Unf,0,1008,1008,GasA,Ex,Y,SBrkr,1008,0,514,1522,0,0,2,0,4,1,TA,7,Typ,0,,,,,0,0,,,P,0,0,138,0,0,0,,,,0,6,2006,WD,Normal
173,160,RM,24.0,1950,Pave,,Reg,Lvl,AllPub,Inside,Gtl,Blueste,Norm,Norm,Twnhs,2Story,6,6,1980,1980,Gable,CompShg,MetalSd,MetalSd,None,0.0,TA,Gd,CBlock,Gd,TA,No,LwQ,81,GLQ,612,23,716,GasA,TA,Y,SBrkr,716,840,0,1556,1,0,2,1,3,1,TA,6,Typ,1,TA,Attchd,1980.0,Fin,2,452,TA,TA,Y,161,0,0,0,0,0,,GdPrv,,0,7,2008,COD,Normal
174,50,RL,85.0,10678,Pave,,Reg,Lvl,AllPub,Inside,Gtl,NoRidge,Norm,Norm,1Fam,1.5Fin,8,5,1992,2000,Hip,CompShg,HdBoard,HdBoard,BrkFace,337.0,Gd,TA,PConc,Gd,TA,No,GLQ,700,Unf,0,983,1683,GasA,Ex,Y,SBrkr,2129,743,0,2872,0,0,2,1,4,1,Gd,9,Typ,1,TA,Attchd,1992.0,Fin,2,541,TA,TA,Y,0,33,0,0,0,0,,,,0,4,2007,WD,Normal
175,50,RL,80.0,17120,Pave,,Reg,Lvl,AllPub,Inside,Gtl,ClearCr,Feedr,Norm,1Fam,1.5Fin,4,4,1959,1959,Gable,CompShg,WdShing,Plywood,None,0.0,TA,TA,CBlock,,,,,0,,0,0,0,GasA,TA,Y,SBrkr,1120,468,0,1588,0,0,2,0,4,1,TA,7,Min2,1,Gd,Detchd,1991.0,Fin,2,680,TA,TA,N,0,59,0,0,0,0,,,,0,7,2008,WD,Normal
176,50,RL,52.0,8741,Pave,,Reg,Lvl,AllPub,Inside,Gtl,Edwards,Norm,Norm,1Fam,1.5Fin,6,4,1945,1950,Gable,CompShg,VinylSd,VinylSd,None,0.0,TA,TA,CBlock,TA,Fa,No,LwQ,94,Unf,0,641,735,GasA,TA,Y,FuseA,798,689,0,1487,0,0,1,1,3,1,TA,7,Typ,1,Gd,Detchd,1949.0,Unf,1,220,TA,TA,Y,0,140,0,0,0,0,,MnPrv,,0,4,2010,WD,Normal
177,50,RL,44.0,13758,Pave,,IR1,Lvl,AllPub,CulDSac,Gtl,Timber,Norm,Norm,1Fam,1.5Fin,7,5,1990,1991,Gable,CompShg,HdBoard,HdBoard,BrkFace,117.0,Gd,Gd,CBlock,Gd,TA,Mn,LwQ,902,Unf,0,254,1156,GasA,Ex,Y,SBrkr,1187,530,0,1717,0,0,2,1,3,1,Gd,7,Typ,1,TA,Attchd,1990.0,RFn,2,400,TA,TA,Y,168,36,0,0,0,0,,,,0,4,2007,WD,Normal
178,50,RM,60.0,7200,Pave,,Reg,Lvl,AllPub,Corner,Gtl,IDOTRR,Norm,Norm,1Fam,1.5Fin,5,6,1938,1995,Gable,CompShg,Wd Sdng,Wd Sdng,None,0.0,TA,TA,CBlock,TA,TA,No,Unf,0,Unf,0,803,803,GasA,Ex,Y,SBrkr,803,557,0,1360,0,0,1,1,2,1,Gd,6,Typ,0,,Detchd,1951.0,Unf,1,297,TA,TA,Y,0,65,190,0,0,0,,MnPrv,,0,7,2006,WD,Normal
179,160,FV,,2117,Pave,,Reg,Lvl,AllPub,Inside,Gtl,Somerst,Norm,Norm,Twnhs,2Story,6,5,2000,2000,Gable,CompShg,MetalSd,MetalSd,BrkFace,216.0,Gd,TA,PConc,Gd,TA,No,GLQ,378,Unf,0,378,756,GasA,Ex,Y,SBrkr,769,804,0,1573,0,0,2,1,3,1,Gd,5,Typ,0,,Detchd,2000.0,Unf,2,440,TA,TA,Y,0,32,0,0,0,0,,,,0,6,2010,WD,Normal
180,80,RL,85.0,9350,Pave,,Reg,Lvl,AllPub,Inside,Gtl,NAmes,Norm,Norm,1Fam,SLvl,5,8,1965,1999,Gable,CompShg,BrkFace,BrkFace,None,0.0,TA,Gd,PConc,TA,TA,Gd,ALQ,633,Unf,0,586,1219,GasA,Gd,Y,SBrkr,1265,0,0,1265,0,1,2,0,3,1,Gd,6,Typ,1,Gd,Attchd,1965.0,RFn,2,502,TA,TA,Y,0,92,0,96,0,0,,MnPrv,,0,10,2008,WD,Normal
181,20,C (all),66.0,8712,Grvl,,Reg,Bnk,AllPub,Inside,Mod,IDOTRR,Norm,Norm,1Fam,1Story,5,5,1952,1952,Hip,CompShg,Wd Sdng,Wd Sdng,None,0.0,Fa,TA,CBlock,TA,TA,Av,Unf,0,Unf,0,540,540,GasA,TA,N,FuseA,1044,0,0,1044,0,0,1,0,2,1,Fa,4,Typ,0,,Basment,1952.0,Unf,2,504,TA,TA,N,0,0,0,0,0,0,,,Shed,54,6,2010,WD,Alloca
182,80,RL,55.0,10780,Pave,,IR1,Lvl,AllPub,Inside,Gtl,CollgCr,Norm,Norm,1Fam,SLvl,5,5,1976,1976,Gable,CompShg,MetalSd,MetalSd,None,0.0,TA,TA,CBlock,TA,TA,Av,ALQ,483,Unf,0,428,911,GasA,Gd,Y,SBrkr,954,0,0,954,0,0,1,0,3,1,TA,6,Typ,0,,Detchd,1976.0,Unf,2,576,TA,TA,Y,0,0,0,0,0,0,,,,0,7,2006,WD,Normal
183,60,RM,60.0,3378,Pave,Grvl,Reg,HLS,AllPub,Inside,Gtl,OldTown,Norm,Norm,1Fam,2Story,7,8,1946,1992,Gable,CompShg,HdBoard,HdBoard,None,0.0,TA,Gd,CBlock,TA,TA,No,Unf,0,Unf,0,651,651,GasA,Gd,Y,SBrkr,707,682,0,1389,0,0,1,1,3,1,TA,6,Typ,2,Gd,Detchd,1947.0,Unf,1,240,TA,TA,P,0,0,126,0,0,0,,,,0,9,2009,WD,Normal
184,60,RL,90.0,11367,Pave,,Reg,Lvl,AllPub,Corner,Gtl,CollgCr,Norm,Norm,1Fam,2Story,8,5,2002,2002,Gable,CompShg,VinylSd,VinylSd,BrkFace,210.0,Gd,TA,PConc,Gd,TA,Mn,GLQ,932,Unf,0,133,1065,GasA,Ex,Y,SBrkr,1091,898,0,1989,1,0,2,1,3,1,Gd,7,Typ,1,Gd,Attchd,2002.0,Fin,2,586,TA,TA,Y,199,60,0,0,0,0,,,,0,11,2006,WD,Normal
185,70,RM,50.0,10300,Pave,,IR1,Bnk,AllPub,Inside,Gtl,OldTown,RRAn,Feedr,1Fam,2Story,7,6,1921,1950,Gable,CompShg,Stucco,Stucco,None,0.0,TA,TA,BrkTil,TA,TA,No,Unf,0,Unf,0,576,576,GasA,Gd,Y,SBrkr,902,808,0,1710,0,0,2,0,3,1,TA,9,Typ,0,,Detchd,1990.0,Unf,2,480,TA,TA,Y,12,11,64,0,0,0,,GdPrv,,0,4,2010,WD,Normal
186,20,RL,,13265,Pave,,IR1,Lvl,AllPub,CulDSac,Gtl,Mitchel,Norm,Norm,1Fam,1Story,8,5,2002,2002,Hip,CompShg,CemntBd,CmentBd,BrkFace,148.0,Gd,TA,PConc,Gd,TA,No,GLQ,1218,Unf,0,350,1568,GasA,Ex,Y,SBrkr,1689,0,0,1689,1,0,2,0,3,1,Gd,7,Typ,2,Gd,Attchd,2002.0,RFn,3,857,TA,TA,Y,150,59,0,0,0,0,,,,0,7,2008,WD,Normal
187,120,RL,53.0,4045,Pave,,Reg,Lvl,AllPub,Inside,Gtl,Blmngtn,Norm,Norm,TwnhsE,1Story,7,5,2006,2006,Hip,CompShg,VinylSd,VinylSd,BrkFace,45.0,Gd,TA,PConc,Gd,TA,Av,GLQ,1070,Unf,0,286,1356,GasA,Ex,Y,SBrkr,1500,0,0,1500,1,0,2,0,2,1,Gd,6,Typ,1,Gd,Attchd,2006.0,Fin,3,648,TA,TA,Y,161,20,0,0,0,0,,,,0,10,2006,New,Partial
188,120,RL,48.0,6955,Pave,,IR1,Lvl,AllPub,Inside,Gtl,NridgHt,Norm,Norm,TwnhsE,1Story,7,5,2005,2006,Gable,CompShg,VinylSd,VinylSd,Stone,94.0,Gd,TA,PConc,Gd,TA,No,Unf,0,Unf,0,1368,1368,GasA,Ex,Y,SBrkr,1368,0,0,1368,0,0,2,0,2,1,Gd,6,Typ,1,Gd,Attchd,2005.0,RFn,2,474,TA,TA,Y,132,35,0,0,0,0,,,,0,9,2006,New,Partial
189,160,RM,21.0,2001,Pave,,Reg,Lvl,AllPub,Inside,Gtl,MeadowV,Norm,Norm,Twnhs,2Story,4,5,1970,1970,Gable,CompShg,CemntBd,CmentBd,BrkFace,80.0,TA,TA,CBlock,TA,TA,No,Unf,0,Unf,0,546,546,GasA,Fa,Y,SBrkr,546,546,0,1092,0,0,1,1,3,1,TA,6,Typ,0,,Attchd,1970.0,Unf,1,286,TA,TA,Y,0,0,0,0,0,0,,,,0,1,2007,WD,Normal
190,160,RM,24.0,1920,Pave,,Reg,Lvl,AllPub,Inside,Gtl,BrDale,Norm,Norm,TwnhsE,2Story,5,5,1971,1971,Gable,CompShg,HdBoard,HdBoard,BrkFace,376.0,TA,TA,CBlock,TA,TA,No,ALQ,471,Unf,0,294,765,GasA,Ex,Y,SBrkr,765,600,0,1365,1,0,1,1,2,1,TA,6,Min1,0,,Detchd,1971.0,Unf,2,440,TA,TA,Y,240,36,0,0,0,0,,,,0,8,2007,WD,Normal
191,30,RL,60.0,5400,Pave,,Reg,Lvl,AllPub,Corner,Sev,OldTown,Norm,Norm,1Fam,1Story,5,6,1921,1968,Gable,CompShg,MetalSd,MetalSd,None,0.0,TA,TA,BrkTil,TA,TA,No,Unf,0,Unf,0,1073,1073,GasA,Ex,Y,SBrkr,1073,0,0,1073,0,0,1,0,2,1,TA,4,Typ,0,,Detchd,1968.0,Unf,1,326,TA,TA,Y,0,0,112,0,0,0,,,,0,12,2006,WD,Abnorml
192,50,RL,130.0,9600,Pave,,IR1,HLS,AllPub,Inside,Gtl,Crawfor,Norm,Norm,1Fam,1.5Fin,5,7,1940,1950,Gable,CompShg,MetalSd,MetalSd,None,0.0,Gd,Gd,BrkTil,TA,Fa,No,Rec,428,Unf,0,300,728,GasA,Ex,Y,SBrkr,976,332,0,1308,1,0,1,1,2,1,TA,7,Min2,2,TA,Detchd,1940.0,Unf,1,256,TA,TA,Y,0,70,0,0,0,0,,,,0,6,2009,WD,Normal
193,80,RL,76.0,9880,Pave,,Reg,Lvl,AllPub,Inside,Gtl,Mitchel,Norm,Norm,1Fam,SLvl,6,6,1977,1977,Gable,CompShg,Plywood,Plywood,None,0.0,TA,TA,CBlock,TA,TA,Av,ALQ,522,Unf,0,574,1096,GasA,TA,Y,SBrkr,1118,0,0,1118,1,0,1,0,3,1,TA,6,Typ,1,Po,Attchd,1977.0,Fin,1,358,TA,TA,Y,203,0,0,0,0,576,Gd,GdPrv,,0,7,2008,WD,Normal
194,120,RL,34.0,5381,Pave,,IR1,Lvl,AllPub,Inside,Gtl,NridgHt,Norm,Norm,Twnhs,1Story,6,5,2005,2005,Gable,CompShg,VinylSd,VinylSd,Stone,135.0,Gd,TA,PConc,Gd,TA,Av,ALQ,900,Unf,0,406,1306,GasA,Ex,Y,SBrkr,1306,0,0,1306,1,0,2,0,1,1,Gd,5,Typ,1,Gd,Attchd,2005.0,RFn,2,624,TA,TA,Y,170,63,0,0,0,0,,,,0,8,2009,WD,Normal
195,20,RL,78.0,7800,Pave,,Reg,Bnk,AllPub,Inside,Mod,Edwards,Norm,Norm,1Fam,2Story,5,8,1948,2002,Gable,CompShg,MetalSd,MetalSd,None,0.0,TA,Gd,CBlock,TA,Gd,No,GLQ,603,Unf,0,293,896,GasA,Ex,Y,SBrkr,1112,896,0,2008,1,0,3,0,3,1,Ex,8,Typ,0,,Attchd,1948.0,Unf,1,230,TA,TA,Y,103,0,0,0,0,0,,,,0,8,2006,WD,Normal
196,120,FV,37.0,3316,Pave,Pave,IR1,Lvl,AllPub,Inside,Gtl,Somerst,Norm,Norm,TwnhsE,1Story,8,5,2005,2005,Gable,CompShg,MetalSd,MetalSd,None,0.0,Gd,TA,PConc,Gd,TA,No,GLQ,1039,Unf,0,208,1247,GasA,Ex,Y,SBrkr,1247,0,0,1247,1,0,1,1,1,1,Gd,4,Typ,1,Gd,Attchd,2005.0,Fin,2,550,TA,TA,Y,0,84,0,0,0,0,,,,0,4,2006,WD,Normal
197,70,C (all),50.0,8500,Pave,Pave,Reg,Lvl,AllPub,Inside,Gtl,IDOTRR,Feedr,Norm,1Fam,2Story,4,4,1920,1950,Gambrel,CompShg,BrkFace,BrkFace,None,0.0,TA,Fa,BrkTil,TA,TA,No,Unf,0,Unf,0,649,649,GasA,TA,N,SBrkr,649,668,0,1317,0,0,1,0,3,1,TA,6,Typ,0,,Detchd,1920.0,Unf,1,250,TA,Fa,N,0,54,172,0,0,0,,MnPrv,,0,7,2008,WD,Normal
198,160,FV,24.0,2645,Pave,Pave,Reg,Lvl,AllPub,Inside,Gtl,Somerst,Norm,Norm,Twnhs,2Story,8,5,1999,2000,Gable,CompShg,MetalSd,MetalSd,BrkFace,456.0,Gd,TA,PConc,Gd,TA,No,GLQ,649,Unf,0,321,970,GasA,Ex,Y,SBrkr,983,756,0,1739,1,0,2,1,3,1,Gd,7,Typ,0,,Attchd,1999.0,Fin,2,480,TA,TA,Y,115,0,0,0,0,0,,,,0,8,2009,WD,Abnorml
199,50,RL,54.0,7681,Pave,,IR1,Lvl,AllPub,FR2,Gtl,Crawfor,Norm,Norm,1Fam,1.5Fin,5,6,1921,1950,Gable,CompShg,Wd Sdng,Wd Sdng,None,0.0,TA,TA,BrkTil,TA,TA,No,Unf,0,Unf,0,731,731,GasA,Ex,Y,SBrkr,820,523,0,1343,0,0,1,1,3,1,TA,7,Typ,1,Gd,Detchd,1921.0,Unf,1,186,Fa,TA,Y,192,0,102,0,0,0,,,,0,7,2009,WD,Normal
200,20,RL,62.0,70761,Pave,,IR1,Low,AllPub,Inside,Mod,ClearCr,Norm,Norm,1Fam,1Story,7,5,1975,1975,Gable,WdShngl,Plywood,Plywood,None,0.0,TA,TA,CBlock,Gd,TA,Gd,ALQ,655,Unf,0,878,1533,GasA,TA,Y,SBrkr,1533,0,0,1533,1,0,2,0,2,1,Gd,5,Typ,2,TA,Attchd,1975.0,Unf,2,576,TA,TA,Y,200,54,0,0,0,0,,,,0,12,2006,WD,Normal
201,60,RL,57.0,21872,Pave,,IR2,HLS,AllPub,FR2,Gtl,Gilbert,Norm,Norm,1Fam,2Story,7,5,1996,1997,Gable,CompShg,HdBoard,HdBoard,None,0.0,TA,TA,PConc,Gd,TA,Gd,GLQ,604,Unf,0,125,729,GasA,Ex,Y,SBrkr,729,717,0,1446,0,1,2,1,3,1,TA,6,Typ,1,TA,Attchd,1996.0,Unf,2,406,TA,TA,Y,264,22,0,0,0,0,,,,0,8,2008,WD,Normal
202,70,RM,59.0,10690,Pave,,Reg,Lvl,AllPub,Inside,Gtl,IDOTRR,Norm,Norm,1Fam,2Story,5,7,1920,1997,Hip,CompShg,VinylSd,VinylSd,None,0.0,TA,Gd,CBlock,TA,Fa,No,Rec,456,Unf,0,216,672,GasA,Gd,Y,FuseA,672,672,0,1344,0,0,1,0,3,1,TA,6,Typ,0,,Detchd,1964.0,Unf,1,468,TA,Fa,Y,0,128,218,0,0,0,,,,0,7,2009,WD,Normal
203,60,RL,80.0,9200,Pave,,Reg,Lvl,AllPub,Inside,Gtl,NoRidge,Norm,Norm,1Fam,2Story,8,5,1998,1998,Gable,CompShg,VinylSd,VinylSd,BrkFace,473.0,Gd,TA,PConc,Gd,TA,No,GLQ,986,Unf,0,484,1470,GasA,Gd,Y,SBrkr,1470,1160,0,2630,1,0,2,1,4,1,Gd,8,Typ,1,TA,Attchd,1998.0,Fin,3,696,TA,TA,Y,0,66,0,0,0,0,,,,0,6,2008,WD,Normal
204,20,RL,65.0,8450,Pave,,Reg,Lvl,AllPub,Inside,Gtl,CollgCr,Norm,Norm,1Fam,1Story,7,5,2003,2003,Gable,CompShg,VinylSd,VinylSd,None,0.0,Gd,TA,PConc,Gd,TA,Mn,GLQ,699,Unf,0,638,1337,GasA,Ex,Y,SBrkr,1337,0,0,1337,1,0,2,0,3,1,Gd,6,Typ,0,,Attchd,2003.0,RFn,2,531,TA,TA,Y,0,39,0,0,0,0,,,,0,10,2007,WD,Normal
205,80,RL,75.0,9750,Pave,,Reg,Lvl,AllPub,Inside,Gtl,NAmes,Norm,Norm,1Fam,SLvl,5,5,1967,1967,Gable,CompShg,VinylSd,VinylSd,None,0.0,TA,TA,PConc,TA,TA,Av,ALQ,400,Rec,480,100,980,GasA,Gd,Y,SBrkr,980,0,0,980,0,0,2,0,3,1,TA,6,Typ,0,,Attchd,1967.0,Fin,1,384,TA,TA,Y,68,0,0,0,0,0,,,,0,10,2006,WD,Normal
206,60,RL,80.0,9828,Pave,,IR1,Lvl,AllPub,Inside,Gtl,SawyerW,Norm,Norm,1Fam,2Story,8,5,1995,1995,Gable,CompShg,VinylSd,VinylSd,None,0.0,Gd,TA,PConc,Gd,TA,No,GLQ,584,Unf,0,544,1128,GasA,Ex,Y,SBrkr,1142,878,0,2020,0,0,2,1,3,1,Gd,8,Typ,1,TA,Attchd,1995.0,RFn,2,466,TA,TA,Y,0,155,0,0,0,0,,,,0,6,2009,WD,Normal
207,20,RL,80.0,8816,Pave,,Reg,Lvl,AllPub,Corner,Gtl,Sawyer,Feedr,Norm,1Fam,1Story,5,6,1963,1963,Gable,CompShg,VinylSd,VinylSd,None,0.0,TA,TA,PConc,TA,TA,No,Rec,651,Unf,0,470,1121,GasA,TA,Y,SBrkr,1121,0,0,1121,1,0,1,0,3,1,TA,5,Typ,0,,Detchd,1963.0,Unf,2,480,TA,TA,Y,0,80,0,0,0,0,,MnPrv,,0,6,2009,WD,Normal
208,50,RL,60.0,8400,Pave,,Reg,Bnk,AllPub,Inside,Gtl,SWISU,Norm,Norm,1Fam,1.5Fin,6,5,1940,2000,Gable,CompShg,Wd Sdng,MetalSd,None,0.0,TA,TA,CBlock,TA,TA,No,LwQ,388,Unf,0,552,940,GasA,Ex,Y,SBrkr,1192,403,0,1595,0,0,1,0,2,1,TA,6,Typ,2,Gd,Attchd,1940.0,Unf,1,240,TA,TA,Y,0,0,108,0,0,0,,,,0,6,2006,WD,Normal
209,20,RL,,9477,Pave,,Reg,Lvl,AllPub,Corner,Gtl,NAmes,Norm,Norm,1Fam,1Story,5,5,1966,1966,Gable,CompShg,HdBoard,HdBoard,BrkFace,65.0,TA,TA,CBlock,TA,TA,No,Rec,340,Unf,0,524,864,GasA,TA,Y,SBrkr,892,0,0,892,0,0,1,0,3,1,TA,5,Typ,0,,Attchd,1966.0,RFn,1,264,TA,TA,Y,0,0,0,0,0,0,,GdWo,,0,10,2008,WD,Normal
210,60,RL,116.0,13474,Pave,,Reg,Lvl,AllPub,Inside,Gtl,SawyerW,Feedr,Norm,1Fam,2Story,7,5,1990,1991,Gable,CompShg,HdBoard,Plywood,BrkFace,246.0,Gd,TA,CBlock,Gd,TA,No,ALQ,700,Unf,0,0,700,GasA,Gd,Y,SBrkr,1122,1121,0,2243,1,0,2,1,4,1,Gd,8,Typ,1,TA,Attchd,1990.0,RFn,3,746,TA,TA,Y,127,44,224,0,0,0,,,,0,6,2007,WD,Normal
211,20,RL,71.0,8197,Pave,,Reg,Lvl,AllPub,Inside,Gtl,Sawyer,Norm,Norm,1Fam,1Story,6,5,1977,1977,Gable,CompShg,Plywood,Plywood,BrkFace,148.0,TA,TA,CBlock,TA,TA,No,Unf,0,Unf,0,660,660,GasA,Ex,Y,SBrkr,1285,0,0,1285,0,0,1,1,3,1,TA,7,Typ,1,TA,Attchd,1977.0,RFn,2,528,TA,TA,Y,138,0,0,0,0,0,,MnPrv,,0,4,2007,WD,Normal
212,20,RL,77.0,9320,Pave,,IR1,Lvl,AllPub,Inside,Gtl,NAmes,Norm,Norm,1Fam,1Story,4,5,1959,1959,Gable,CompShg,Plywood,Plywood,None,0.0,TA,TA,CBlock,TA,TA,No,ALQ,569,Unf,0,381,950,GasA,Fa,Y,SBrkr,1225,0,0,1225,1,0,1,1,3,1,TA,6,Typ,0,,,,,0,0,,,Y,352,0,0,0,0,0,,,Shed,400,1,2010,WD,Normal
213,160,FV,34.0,3230,Pave,Pave,Reg,Lvl,AllPub,Inside,Gtl,Somerst,Norm,Norm,TwnhsE,2Story,6,5,1999,1999,Gable,CompShg,MetalSd,MetalSd,BrkFace,894.0,TA,TA,PConc,Gd,TA,No,GLQ,381,Unf,0,348,729,GasA,Gd,Y,SBrkr,742,729,0,1471,0,0,2,1,3,1,TA,6,Typ,0,,Detchd,1999.0,Unf,2,440,TA,TA,Y,0,24,0,0,0,0,,,,0,3,2009,WD,Normal
214,20,RL,73.0,39104,Pave,,IR1,Low,AllPub,CulDSac,Sev,ClearCr,Norm,Norm,1Fam,1Story,7,7,1954,2005,Flat,Membran,Plywood,Plywood,None,0.0,TA,TA,CBlock,Gd,TA,Gd,LwQ,226,GLQ,1063,96,1385,GasA,Ex,Y,SBrkr,1363,0,0,1363,1,0,1,0,2,1,TA,5,Mod,2,TA,Attchd,1954.0,Unf,2,439,TA,TA,Y,81,0,0,0,0,0,,,,0,4,2008,WD,Normal
215,20,FV,75.0,9000,Pave,,Reg,Lvl,AllPub,Inside,Gtl,Somerst,Norm,Norm,1Fam,1Story,8,5,2008,2008,Gable,CompShg,VinylSd,VinylSd,Stone,36.0,Gd,TA,PConc,Gd,TA,Av,GLQ,1078,Unf,0,488,1566,GasA,Ex,Y,SBrkr,1566,0,0,1566,1,0,2,0,3,1,Gd,7,Typ,0,,Attchd,2008.0,RFn,2,750,TA,TA,Y,144,168,0,0,0,0,,,,0,4,2010,WD,Normal
216,120,RL,53.0,3922,Pave,,Reg,Lvl,AllPub,Inside,Gtl,Blmngtn,Norm,Norm,TwnhsE,1Story,7,5,2006,2007,Gable,CompShg,VinylSd,VinylSd,BrkFace,72.0,Gd,TA,PConc,Ex,TA,Av,Unf,0,Unf,0,1258,1258,GasA,Ex,Y,SBrkr,1402,0,0,1402,0,2,0,2,2,1,Gd,7,Typ,1,Gd,Attchd,2006.0,Fin,3,648,TA,TA,Y,120,16,0,0,0,0,,,,0,2,2007,New,Partial
217,80,RL,70.0,8163,Pave,,Reg,Lvl,AllPub,Inside,Gtl,NAmes,Norm,Norm,1Fam,SLvl,5,6,1959,1959,Gable,CompShg,HdBoard,HdBoard,BrkFace,128.0,TA,Gd,CBlock,TA,TA,Av,ALQ,748,BLQ,294,102,1144,GasA,TA,Y,SBrkr,1144,0,0,1144,1,0,1,0,3,1,TA,6,Typ,1,TA,Attchd,1959.0,RFn,1,796,TA,TA,Y,86,0,0,0,0,0,,,,0,3,2006,WD,Normal
218,80,RL,92.0,6930,Pave,,IR1,Lvl,AllPub,Inside,Gtl,ClearCr,Norm,Norm,1Fam,SLvl,5,4,1958,1958,Hip,CompShg,Wd Sdng,ImStucc,BrkFace,120.0,TA,TA,CBlock,TA,TA,Av,BLQ,300,Rec,294,468,1062,GasA,Ex,Y,FuseF,1352,0,0,1352,0,1,1,0,3,1,Gd,6,Min2,0,,BuiltIn,1958.0,Unf,1,288,TA,TA,Y,168,0,294,0,0,0,,,,0,7,2006,WD,Abnorml
219,90,RL,75.0,10125,Pave,,Reg,Lvl,AllPub,Inside,Gtl,Mitchel,Norm,Norm,Duplex,1.5Fin,5,5,1977,1977,Gable,CompShg,Plywood,Plywood,None,0.0,TA,TA,CBlock,,,,,0,,0,0,0,GasA,TA,Y,SBrkr,1302,432,0,1734,0,0,2,0,4,2,Gd,8,Typ,0,,Attchd,1977.0,Unf,2,539,TA,TA,Y,0,0,0,0,0,0,,,,0,8,2009,COD,Normal
220,20,RL,100.0,13350,Pave,,IR1,Lvl,AllPub,Inside,Gtl,Sawyer,Norm,Norm,1Fam,1Story,5,5,1974,1974,Hip,CompShg,HdBoard,Plywood,None,0.0,TA,TA,CBlock,TA,TA,No,ALQ,762,Unf,0,102,864,GasA,TA,Y,SBrkr,894,0,0,894,1,0,1,0,3,1,TA,5,Typ,1,Fa,Attchd,1974.0,Unf,2,440,TA,TA,Y,241,0,0,0,0,0,,MnPrv,,0,6,2006,WD,Normal
221,120,RL,48.0,6240,Pave,,Reg,Lvl,AllPub,Inside,Gtl,NridgHt,Norm,Norm,TwnhsE,1Story,8,5,2006,2006,Hip,CompShg,MetalSd,MetalSd,BrkFace,176.0,Gd,TA,PConc,Gd,TA,No,GLQ,863,Unf,0,461,1324,GasA,Ex,Y,SBrkr,1324,0,0,1324,1,0,2,0,2,1,Gd,6,Typ,1,Gd,Attchd,2006.0,Fin,2,550,TA,TA,Y,192,38,0,0,0,0,,,,0,12,2009,WD,Normal
222,20,RL,80.0,12984,Pave,,Reg,Bnk,AllPub,Inside,Gtl,Crawfor,Norm,Norm,1Fam,1Story,5,6,1977,1977,Gable,CompShg,Plywood,Plywood,BrkFace,459.0,TA,TA,CBlock,Gd,TA,Mn,ALQ,1283,LwQ,147,0,1430,GasA,Ex,Y,SBrkr,1647,0,0,1647,1,0,2,0,3,1,Gd,7,Typ,1,TA,Attchd,1977.0,Fin,2,621,TA,TA,Y,0,0,0,0,0,0,,,,0,3,2006,WD,Normal
223,50,RM,52.0,5720,Pave,,Reg,Lvl,AllPub,Inside,Gtl,OldTown,Artery,Norm,1Fam,1.5Fin,5,6,1941,1950,Gable,CompShg,Wd Sdng,Wd Sdng,None,0.0,TA,TA,CBlock,TA,TA,No,Unf,0,Unf,0,676,676,GasA,Ex,Y,SBrkr,676,455,0,1131,0,0,1,1,3,1,TA,5,Typ,0,,Detchd,1941.0,Unf,1,200,TA,TA,Y,26,0,0,0,0,0,,,,0,8,2009,WD,Abnorml
224,20,RL,73.0,8925,Pave,,IR1,HLS,AllPub,Inside,Gtl,Timber,Norm,Norm,1Fam,1Story,8,5,2007,2007,Gable,CompShg,VinylSd,VinylSd,None,0.0,Gd,TA,PConc,Gd,TA,Av,GLQ,16,Unf,0,1450,1466,GasA,Ex,Y,SBrkr,1466,0,0,1466,0,0,2,0,3,1,Gd,7,Typ,0,,Attchd,2007.0,Fin,3,610,TA,TA,Y,100,18,0,0,0,0,,,,0,7,2009,WD,Normal
225,20,RL,66.0,12400,Pave,,IR1,Lvl,AllPub,Inside,Gtl,NAmes,Feedr,Norm,1Fam,1Story,6,7,1958,1998,Hip,CompShg,Wd Sdng,Wd Sdng,BrkFace,176.0,TA,TA,CBlock,TA,Fa,No,Rec,585,Unf,0,630,1215,GasA,TA,Y,FuseA,1215,0,0,1215,0,0,1,0,3,1,TA,6,Typ,0,,Attchd,1958.0,Unf,1,297,TA,TA,Y,0,0,0,0,234,0,,,,0,6,2009,WD,Normal
226,50,C (all),60.0,7500,Pave,,Reg,Lvl,AllPub,Inside,Gtl,IDOTRR,Norm,Norm,1Fam,1.5Fin,4,4,1920,1950,Gable,CompShg,MetalSd,MetalSd,None,0.0,TA,Gd,CBlock,TA,TA,No,Unf,0,Unf,0,698,698,GasA,TA,Y,FuseA,698,430,0,1128,0,0,1,0,2,1,TA,6,Typ,0,,Detchd,1980.0,RFn,2,528,TA,TA,Y,30,0,164,0,0,0,,,,0,4,2010,COD,Abnorml
227,30,RL,60.0,10800,Pave,Grvl,Reg,Lvl,AllPub,Inside,Gtl,OldTown,Norm,Norm,1Fam,1Story,4,6,1927,2007,Gable,CompShg,Wd Sdng,Wd Sdng,None,0.0,TA,TA,BrkTil,TA,TA,No,Unf,0,Unf,0,656,656,GasA,TA,Y,SBrkr,968,0,0,968,0,0,2,0,4,1,TA,5,Typ,0,,Detchd,1928.0,Unf,1,216,Fa,Fa,Y,0,0,0,0,0,0,,,,0,8,2007,WD,Normal
228,60,RL,,9130,Pave,,Reg,Lvl,AllPub,Inside,Gtl,NWAmes,Feedr,Norm,1Fam,2Story,6,8,1966,2000,Hip,CompShg,HdBoard,HdBoard,BrkFace,252.0,TA,TA,CBlock,TA,TA,No,GLQ,400,Rec,64,336,800,GasA,Gd,Y,SBrkr,800,832,0,1632,0,1,1,1,4,1,Gd,7,Typ,0,,Attchd,1966.0,Unf,2,484,TA,TA,Y,0,40,0,0,0,0,,,,0,7,2008,WD,Normal
229,50,C (all),66.0,8712,Pave,Pave,Reg,HLS,AllPub,Inside,Mod,IDOTRR,Norm,Norm,1Fam,1.5Fin,4,7,1900,1950,Gable,CompShg,MetalSd,MetalSd,None,0.0,TA,TA,Stone,TA,TA,Mn,Unf,0,Unf,0,859,859,GasA,Gd,Y,SBrkr,859,319,0,1178,0,0,1,0,2,1,TA,7,Typ,0,,Detchd,1964.0,RFn,1,384,TA,TA,N,68,0,98,0,0,0,,,,0,1,2010,WD,Abnorml
230,20,RL,60.0,11100,Pave,,Reg,Low,AllPub,Inside,Gtl,Edwards,Norm,Norm,1Fam,1Story,4,7,1946,2006,Gable,CompShg,MetalSd,MetalSd,None,0.0,TA,TA,CBlock,,,,,0,,0,0,0,GasA,Ex,Y,SBrkr,930,0,0,930,0,0,1,0,2,1,Gd,6,Typ,0,,Detchd,1946.0,Unf,1,308,TA,TA,Y,0,0,0,0,0,0,,,,0,4,2010,WD,Abnorml
231,60,RL,,7685,Pave,,IR1,Lvl,AllPub,Inside,Gtl,Gilbert,Norm,Norm,1Fam,2Story,6,5,1993,1994,Gable,CompShg,HdBoard,HdBoard,BrkFace,112.0,TA,TA,PConc,Gd,TA,No,ALQ,518,Unf,0,179,697,GasA,Gd,Y,SBrkr,697,804,0,1501,0,0,2,1,3,1,Gd,6,Typ,1,TA,Attchd,1993.0,Fin,2,420,TA,TA,Y,190,63,0,0,0,0,,,,0,5,2006,WD,Normal
232,20,RL,60.0,7332,Pave,,Reg,Lvl,AllPub,Inside,Gtl,NAmes,Norm,Norm,1Fam,1Story,6,6,1959,1959,Gable,CompShg,WdShing,Wd Shng,BrkFace,207.0,TA,TA,CBlock,TA,TA,No,BLQ,414,Unf,0,450,864,GasA,Ex,Y,SBrkr,864,0,0,864,1,0,1,0,2,1,Gd,4,Typ,0,,Attchd,1959.0,Unf,1,288,TA,TA,Y,168,0,0,0,0,0,,,,0,10,2006,WD,Abnorml
233,20,RL,,17140,Pave,,Reg,Lvl,AllPub,Inside,Gtl,Edwards,Norm,Norm,1Fam,1Story,4,6,1956,1956,Gable,CompShg,VinylSd,VinylSd,None,0.0,TA,TA,CBlock,TA,TA,No,ALQ,1059,Unf,0,75,1134,GasA,Ex,Y,FuseA,1229,0,0,1229,0,0,1,0,3,1,TA,6,Typ,0,,Attchd,1956.0,RFn,1,284,TA,TA,Y,0,0,0,0,0,0,,,,0,4,2009,WD,Normal
234,60,RL,80.0,10041,Pave,,IR1,Lvl,AllPub,Inside,Gtl,SawyerW,Norm,Norm,1Fam,2Story,8,5,1992,1992,Gable,CompShg,HdBoard,HdBoard,None,0.0,Gd,TA,PConc,Gd,TA,Mn,GLQ,789,Unf,0,119,908,GasA,Ex,Y,SBrkr,927,988,0,1915,1,0,2,1,3,1,Gd,8,Typ,1,TA,Attchd,1992.0,Fin,2,506,TA,TA,Y,120,150,0,0,0,0,,,,0,2,2006,WD,Abnorml
235,70,RL,60.0,8730,Pave,,Reg,Lvl,AllPub,Inside,Gtl,BrkSide,RRAn,Norm,1Fam,2Story,6,7,1915,2003,Gable,CompShg,Wd Sdng,Wd Sdng,None,0.0,TA,TA,BrkTil,TA,TA,No,Unf,0,Unf,0,698,698,GasA,Ex,Y,FuseA,698,698,0,1396,0,0,1,0,3,1,TA,7,Typ,0,,Detchd,2003.0,Unf,1,384,TA,TA,Y,0,0,0,0,259,0,,,,0,7,2007,WD,Normal
236,20,RL,64.0,6762,Pave,,Reg,Lvl,AllPub,Inside,Gtl,CollgCr,Norm,Norm,1Fam,1Story,7,5,2007,2007,Gable,CompShg,VinylSd,VinylSd,BrkFace,108.0,Gd,TA,PConc,Gd,TA,No,GLQ,664,Unf,0,544,1208,GasA,Ex,Y,SBrkr,1208,0,0,1208,1,0,2,0,2,1,Gd,6,Typ,0,,Attchd,2007.0,RFn,2,628,TA,TA,Y,105,54,0,0,0,0,,,,0,9,2007,New,Partial
237,85,RL,73.0,9069,Pave,,Reg,Lvl,AllPub,Inside,Gtl,SawyerW,Norm,Norm,1Fam,SFoyer,6,6,1992,1992,Gable,CompShg,HdBoard,HdBoard,None,0.0,TA,TA,PConc,Gd,TA,Av,GLQ,747,Unf,0,189,936,GasA,Ex,Y,SBrkr,996,0,0,996,1,0,1,0,2,1,Gd,5,Typ,0,,Attchd,1992.0,Unf,2,564,TA,TA,Y,120,0,0,0,0,0,,,,0,4,2010,WD,Normal
238,60,RL,,14364,Pave,,IR1,Low,AllPub,Inside,Mod,SawyerW,Norm,Norm,1Fam,2Story,7,5,1988,1989,Gable,CompShg,Plywood,Plywood,BrkFace,128.0,Gd,TA,CBlock,Gd,TA,Gd,GLQ,1065,Unf,0,92,1157,GasA,Ex,Y,SBrkr,1180,882,0,2062,1,0,2,1,3,1,TA,7,Typ,1,Gd,Attchd,1988.0,Fin,2,454,TA,TA,Y,60,55,0,0,154,0,,,,0,4,2007,WD,Normal
239,120,RL,50.0,8012,Pave,,Reg,Lvl,AllPub,Inside,Gtl,SawyerW,Norm,Norm,TwnhsE,1Story,6,5,1980,1980,Gable,CompShg,Plywood,Plywood,None,0.0,TA,TA,CBlock,Gd,TA,No,BLQ,543,BLQ,119,261,923,GasA,TA,Y,SBrkr,923,0,0,923,0,0,2,0,2,1,TA,5,Typ,1,TA,Attchd,1980.0,RFn,1,264,TA,TA,Y,80,0,0,0,0,0,,,,0,5,2010,WD,Normal
240,30,RM,60.0,8520,Pave,,Reg,Lvl,AllPub,Inside,Gtl,OldTown,Norm,Norm,1Fam,1Story,6,8,1928,2003,Gable,CompShg,VinylSd,VinylSd,None,0.0,TA,Gd,BrkTil,TA,TA,No,Unf,0,Unf,0,624,624,GasA,Gd,Y,SBrkr,720,0,0,720,0,0,1,0,2,1,TA,5,Typ,0,,Detchd,2005.0,Unf,2,484,TA,TA,Y,106,0,0,0,0,0,,,,0,5,2010,WD,Normal
241,80,RL,96.0,11275,Pave,,Reg,Lvl,AllPub,Corner,Gtl,NAmes,PosN,Norm,1Fam,SLvl,7,7,1967,2007,Mansard,WdShake,Wd Sdng,Wd Sdng,BrkFace,300.0,Gd,Gd,CBlock,Gd,TA,No,Unf,0,Unf,0,710,710,GasA,Ex,Y,SBrkr,1898,1080,0,2978,0,0,2,1,5,1,Gd,11,Typ,1,Gd,BuiltIn,1961.0,Fin,2,564,TA,TA,Y,240,0,0,0,0,0,,,,0,6,2010,WD,Normal
242,60,RL,,9453,Pave,,IR1,Lvl,AllPub,CulDSac,Gtl,SawyerW,RRNe,Norm,1Fam,2Story,7,7,1993,2003,Gable,CompShg,HdBoard,HdBoard,None,0.0,Gd,TA,PConc,Gd,TA,No,BLQ,402,Unf,0,594,996,GasA,Ex,Y,SBrkr,1014,730,0,1744,0,0,2,1,3,1,Gd,7,Typ,0,,Attchd,1993.0,RFn,2,457,TA,TA,Y,370,70,0,238,0,0,,,,0,2,2010,WD,Normal
243,60,RL,66.0,13682,Pave,,IR2,HLS,AllPub,CulDSac,Gtl,StoneBr,Norm,Norm,1Fam,2Story,10,5,2006,2006,Hip,CompShg,VinylSd,VinylSd,BrkFace,1031.0,Ex,TA,PConc,Ex,TA,Gd,Unf,0,Unf,0,1410,1410,GasA,Ex,Y,SBrkr,1426,1519,0,2945,0,0,3,1,3,1,Gd,10,Typ,1,Gd,BuiltIn,2006.0,Fin,3,641,TA,TA,Y,192,0,37,0,0,0,,,,0,10,2006,New,Partial
244,60,RL,76.0,9120,Pave,,Reg,Lvl,AllPub,Inside,Gtl,NWAmes,Norm,Norm,1Fam,2Story,6,6,1974,1974,Hip,CompShg,HdBoard,HdBoard,BrkFace,270.0,Gd,TA,CBlock,TA,TA,No,ALQ,442,Unf,0,459,901,GasA,TA,Y,SBrkr,943,933,0,1876,0,0,2,1,4,1,Gd,8,Typ,1,TA,Attchd,1974.0,RFn,2,540,Gd,TA,Y,0,69,0,0,0,0,,,,0,7,2008,WD,Normal
245,190,RL,70.0,7000,Pave,,Reg,Lvl,AllPub,Inside,Gtl,Edwards,Norm,Norm,2fmCon,2Story,5,7,1910,1991,Gable,CompShg,MetalSd,MetalSd,None,0.0,TA,TA,CBlock,Gd,TA,Gd,GLQ,969,Unf,0,148,1117,GasA,TA,Y,SBrkr,820,527,0,1347,1,0,1,0,3,1,TA,5,Typ,0,,,,,0,0,,,N,85,0,148,0,0,0,,,,0,1,2008,WD,Normal
246,80,RL,101.0,9150,Pave,,IR1,Lvl,AllPub,Corner,Gtl,NAmes,Norm,Norm,1Fam,SLvl,6,5,1962,1962,Gable,Tar&Grv,Plywood,Plywood,BrkFace,305.0,TA,TA,CBlock,Gd,TA,Gd,GLQ,371,Unf,0,728,1099,GasA,Gd,Y,SBrkr,1431,0,0,1431,0,1,1,0,3,1,TA,6,Typ,1,Gd,Basment,1962.0,RFn,1,296,TA,TA,Y,64,110,0,0,0,0,,,,0,12,2008,WD,Normal
247,20,RL,54.0,13811,Pave,,IR1,Lvl,AllPub,Inside,Gtl,Timber,Norm,Norm,1Fam,1Story,6,6,1987,1987,Gable,CompShg,HdBoard,HdBoard,BrkFace,72.0,TA,TA,CBlock,Gd,Gd,No,GLQ,980,LwQ,40,92,1112,GasA,Gd,Y,SBrkr,1137,0,0,1137,1,0,2,0,2,1,Gd,5,Typ,1,TA,Attchd,1987.0,Unf,2,551,TA,TA,Y,125,0,0,0,0,0,,,,0,7,2006,WD,Normal
248,120,RM,44.0,4224,Pave,,Reg,Lvl,AllPub,Inside,Gtl,MeadowV,Norm,Norm,TwnhsE,1Story,5,7,1976,1976,Gable,CompShg,CemntBd,CmentBd,None,0.0,TA,TA,PConc,Gd,TA,No,GLQ,840,Unf,0,200,1040,GasA,TA,Y,SBrkr,1060,0,0,1060,1,0,1,0,3,1,TA,6,Typ,1,TA,Attchd,1976.0,Unf,2,572,TA,TA,Y,100,110,0,0,0,0,,,,0,6,2007,WD,Normal
249,20,RM,50.0,6000,Pave,,Reg,Lvl,AllPub,Inside,Gtl,OldTown,Norm,Norm,1Fam,1Story,5,5,1948,1950,Gable,CompShg,VinylSd,VinylSd,None,0.0,TA,TA,CBlock,TA,TA,No,ALQ,104,BLQ,169,516,789,GasA,Ex,Y,SBrkr,789,0,0,789,0,0,1,0,2,1,TA,5,Typ,0,,Detchd,1948.0,Unf,1,250,TA,TA,Y,0,0,0,0,0,0,,,,0,4,2008,WD,Partial
250,60,RL,60.0,21930,Pave,,IR3,Lvl,AllPub,Inside,Gtl,Gilbert,RRAn,Norm,1Fam,2Story,5,5,2005,2005,Gable,CompShg,VinylSd,VinylSd,None,0.0,Gd,TA,PConc,Gd,Gd,Av,Unf,0,Unf,0,732,732,GasA,Ex,Y,SBrkr,734,1104,0,1838,0,0,2,1,4,1,TA,7,Typ,1,Gd,BuiltIn,2005.0,Fin,2,372,TA,TA,Y,100,40,0,0,0,0,,,,0,7,2006,WD,Normal
251,80,RL,,10784,Pave,,IR1,Lvl,AllPub,FR2,Gtl,Gilbert,Norm,Norm,1Fam,SLvl,7,5,1991,1992,Gable,CompShg,HdBoard,HdBoard,BrkFace,76.0,Gd,TA,PConc,Gd,TA,No,Unf,0,Unf,0,384,384,GasA,Gd,Y,SBrkr,802,670,0,1472,0,0,2,1,3,1,Gd,7,Typ,1,TA,Attchd,1991.0,RFn,2,402,TA,TA,Y,164,0,0,0,0,0,,,,0,5,2007,WD,Normal
252,50,RL,,9144,Pave,Pave,Reg,Lvl,AllPub,Inside,Gtl,BrkSide,Norm,Norm,1Fam,1.5Fin,5,5,1940,1982,Gable,CompShg,MetalSd,MetalSd,None,0.0,TA,TA,CBlock,TA,TA,No,Rec,399,Unf,0,484,883,GasA,Gd,Y,SBrkr,988,517,0,1505,1,0,1,0,3,1,TA,8,Typ,0,,Detchd,1940.0,Unf,1,240,TA,TA,N,0,0,0,0,0,0,,,,0,7,2008,WD,Normal
253,30,RL,60.0,5400,Pave,,Reg,Lvl,AllPub,Corner,Gtl,OldTown,Norm,Norm,1Fam,1Story,5,6,1920,1950,Gable,CompShg,Wd Sdng,Wd Sdng,None,0.0,TA,TA,BrkTil,Fa,TA,No,Unf,0,Unf,0,691,691,GasA,Ex,Y,FuseA,691,0,0,691,0,0,1,0,2,1,Ex,4,Typ,0,,Detchd,1920.0,Unf,1,216,Fa,TA,N,0,20,94,0,0,0,,,,0,1,2007,WD,Abnorml
254,20,RL,,11553,Pave,,IR1,Lvl,AllPub,Inside,Gtl,Sawyer,Norm,Norm,1Fam,1Story,5,5,1968,1968,Hip,CompShg,Plywood,Plywood,BrkFace,188.0,TA,TA,CBlock,TA,TA,No,BLQ,673,Unf,0,378,1051,GasA,TA,Y,SBrkr,1159,0,0,1159,0,0,1,1,3,1,TA,7,Typ,1,Fa,Attchd,1968.0,Unf,1,336,TA,TA,Y,466,0,0,0,0,0,,,,0,7,2006,WD,Normal
255,120,RL,53.0,4043,Pave,,Reg,Lvl,AllPub,Inside,Gtl,NPkVill,Norm,Norm,TwnhsE,1Story,6,5,1977,1977,Gable,CompShg,Plywood,Plywood,None,0.0,TA,TA,CBlock,Gd,TA,No,ALQ,360,Unf,0,709,1069,GasA,TA,Y,SBrkr,1069,0,0,1069,0,0,2,0,2,1,TA,4,Typ,1,Fa,Attchd,1977.0,RFn,2,440,TA,TA,Y,0,55,0,0,165,0,,,,0,7,2010,WD,Normal
256,50,RM,,3950,Pave,Grvl,Reg,Bnk,AllPub,Inside,Gtl,OldTown,Artery,Norm,1Fam,1.5Fin,6,8,1926,2004,Gable,CompShg,MetalSd,MetalSd,None,0.0,TA,TA,CBlock,TA,TA,No,Rec,468,Unf,0,350,818,GasA,TA,Y,SBrkr,818,406,0,1224,0,0,1,0,3,1,TA,5,Typ,0,,Detchd,1926.0,Unf,1,210,TA,TA,N,0,0,116,0,0,0,,,,0,12,2009,WD,Normal
257,160,RM,21.0,1680,Pave,,Reg,Lvl,AllPub,Inside,Gtl,BrDale,Norm,Norm,Twnhs,2Story,5,7,1972,1972,Gable,CompShg,CemntBd,CmentBd,BrkFace,268.0,TA,TA,CBlock,TA,TA,No,ALQ,231,Unf,0,399,630,GasA,TA,Y,SBrkr,630,672,0,1302,0,0,2,1,3,1,TA,6,Typ,0,,Detchd,1972.0,Unf,1,264,TA,TA,Y,185,0,0,0,0,0,,,,0,2,2009,WD,Normal
258,60,RL,65.0,7153,Pave,,Reg,Lvl,AllPub,Inside,Gtl,SawyerW,Norm,Norm,1Fam,2Story,6,5,1992,1992,Gable,CompShg,VinylSd,VinylSd,None,0.0,Gd,Gd,PConc,Gd,TA,No,ALQ,387,Unf,0,374,761,GasA,Ex,Y,SBrkr,810,793,0,1603,0,0,2,1,3,1,Gd,7,Typ,0,,Attchd,1992.0,RFn,2,484,TA,TA,Y,0,124,0,0,0,0,,,,0,7,2006,WD,Normal
259,60,RL,80.0,10000,Pave,,Reg,Lvl,AllPub,Inside,Gtl,CollgCr,Norm,Norm,1Fam,2Story,8,5,1995,1996,Gable,CompShg,VinylSd,VinylSd,BrkFace,438.0,Gd,TA,PConc,Gd,TA,No,GLQ,1079,Unf,0,141,1220,GasA,Ex,Y,SBrkr,1220,870,0,2090,1,0,2,1,3,1,Gd,8,Typ,1,TA,Attchd,1995.0,RFn,2,556,TA,TA,Y,0,65,0,0,0,0,,,,0,12,2007,WD,Normal
260,20,RL,110.0,14226,Pave,,Reg,Lvl,AllPub,Corner,Gtl,NridgHt,Norm,Norm,1Fam,1Story,8,5,2006,2006,Hip,CompShg,VinylSd,VinylSd,BrkFace,375.0,Gd,TA,PConc,Gd,TA,Av,Unf,0,Unf,0,1935,1935,GasA,Gd,Y,SBrkr,1973,0,0,1973,0,0,2,0,3,1,Gd,9,Typ,1,Gd,Attchd,2006.0,Fin,3,895,TA,TA,Y,315,45,0,0,0,0,,,,0,7,2007,New,Partial
261,20,RL,,11250,Pave,,IR1,Lvl,AllPub,Inside,Gtl,Veenker,Norm,Norm,1Fam,1Story,6,6,1977,1977,Gable,CompShg,Plywood,Plywood,None,0.0,Gd,TA,CBlock,Gd,TA,No,ALQ,767,Unf,0,441,1208,GasA,TA,Y,SBrkr,1208,0,0,1208,1,0,1,1,3,1,TA,6,Typ,1,TA,Attchd,1977.0,RFn,2,546,TA,TA,Y,198,42,0,0,0,0,,,,0,6,2006,WD,Normal
262,20,RL,75.0,10650,Pave,,Reg,Lvl,AllPub,Corner,Gtl,CollgCr,Norm,Norm,1Fam,1Story,5,6,1976,1976,Gable,CompShg,HdBoard,HdBoard,None,0.0,TA,TA,CBlock,TA,Gd,Av,LwQ,182,ALQ,712,0,894,GasA,TA,Y,SBrkr,894,0,0,894,1,0,1,0,3,1,TA,5,Typ,0,,Attchd,1976.0,Unf,1,308,TA,TA,Y,365,0,0,0,0,0,,MnPrv,,0,2,2010,WD,Normal
263,80,RL,,12800,Pave,,Reg,Low,AllPub,Inside,Mod,SawyerW,Norm,Norm,1Fam,SLvl,7,5,1989,1989,Gable,CompShg,Wd Sdng,Wd Sdng,BrkFace,145.0,Gd,TA,PConc,Gd,TA,Gd,GLQ,1518,Unf,0,0,1518,GasA,Gd,Y,SBrkr,1644,0,0,1644,1,1,2,0,2,1,Gd,5,Typ,1,TA,Attchd,1989.0,Fin,2,569,TA,TA,Y,80,0,0,0,396,0,,,,0,8,2009,WD,Normal
264,20,RL,79.0,9416,Pave,,Reg,Lvl,AllPub,Inside,Gtl,Somerst,Norm,Norm,1Fam,1Story,7,5,2007,2007,Hip,CompShg,CemntBd,CmentBd,Stone,205.0,Ex,TA,PConc,Ex,TA,No,GLQ,1126,Unf,0,600,1726,GasA,Ex,Y,SBrkr,1726,0,0,1726,1,0,2,0,3,1,Ex,8,Typ,1,Gd,Attchd,2007.0,Fin,3,786,TA,TA,Y,171,138,0,0,266,0,,,,0,9,2007,New,Partial
265,60,RL,86.0,14598,Pave,,IR1,Lvl,AllPub,CulDSac,Gtl,Somerst,Feedr,Norm,1Fam,2Story,6,5,2007,2007,Gable,CompShg,VinylSd,VinylSd,Stone,74.0,Gd,TA,PConc,Gd,TA,Mn,Unf,0,Unf,0,894,894,GasA,Ex,Y,SBrkr,894,1039,0,1933,0,0,2,1,4,1,Gd,9,Typ,1,Gd,BuiltIn,2007.0,Fin,3,668,TA,TA,Y,100,18,0,0,0,0,,,,0,1,2008,WD,Normal
266,120,RM,32.0,4500,Pave,,Reg,Lvl,AllPub,FR2,Gtl,Mitchel,Norm,Norm,TwnhsE,1Story,6,5,1998,1998,Hip,CompShg,VinylSd,VinylSd,BrkFace,443.0,TA,Gd,PConc,Ex,Gd,No,GLQ,1201,Unf,0,36,1237,GasA,Ex,Y,SBrkr,1337,0,0,1337,1,0,2,0,2,1,TA,5,Typ,0,,Attchd,1998.0,Fin,2,405,TA,TA,Y,0,199,0,0,0,0,,,,0,3,2006,WD,Normal
267,120,RM,,4435,Pave,,Reg,Lvl,AllPub,Inside,Gtl,CollgCr,Norm,Norm,TwnhsE,1Story,6,5,2003,2004,Gable,CompShg,VinylSd,VinylSd,BrkFace,170.0,Gd,TA,PConc,Gd,TA,Av,GLQ,685,Unf,0,163,848,GasA,Ex,Y,SBrkr,848,0,0,848,1,0,1,0,1,1,Gd,4,Typ,0,,Attchd,2003.0,Fin,2,420,TA,TA,Y,140,0,0,0,0,0,,,,0,6,2009,WD,Normal
268,20,RL,60.0,10434,Pave,,Reg,Lvl,AllPub,Inside,Gtl,NAmes,Norm,Norm,1Fam,1Story,4,5,1955,1955,Gable,CompShg,Plywood,Plywood,None,0.0,TA,TA,CBlock,TA,TA,No,Unf,0,Unf,0,1005,1005,GasA,TA,Y,SBrkr,1005,0,0,1005,0,0,1,0,2,1,Fa,5,Typ,1,TA,Detchd,1977.0,Unf,2,672,Fa,Fa,Y,0,0,0,0,0,0,,,,0,11,2009,WD,Normal
269,80,RL,,7750,Pave,,IR1,Lvl,AllPub,Inside,Gtl,Gilbert,Norm,Norm,1Fam,SLvl,7,5,2000,2000,Gable,CompShg,VinylSd,VinylSd,None,0.0,TA,TA,PConc,Gd,TA,No,GLQ,250,Unf,0,134,384,GasA,Ex,Y,SBrkr,774,656,0,1430,0,0,2,1,3,1,TA,7,Typ,1,TA,BuiltIn,2000.0,Fin,2,400,TA,TA,Y,180,0,0,0,0,0,,,,0,4,2010,WD,Normal
270,20,RL,107.0,13891,Pave,,Reg,Lvl,AllPub,Inside,Gtl,NridgHt,Norm,Norm,1Fam,1Story,10,5,2006,2006,Gable,CompShg,VinylSd,VinylSd,,,Ex,TA,PConc,Ex,Gd,Gd,GLQ,1386,Unf,0,690,2076,GasA,Ex,Y,SBrkr,2076,0,0,2076,1,0,2,1,2,1,Ex,7,Typ,1,Gd,Attchd,2006.0,Fin,3,850,TA,TA,Y,216,229,0,0,0,0,,,,0,9,2006,New,Partial
271,120,RL,41.0,5395,Pave,,IR1,HLS,AllPub,Inside,Gtl,StoneBr,Norm,Norm,TwnhsE,1Story,8,5,1993,1993,Gable,CompShg,HdBoard,HdBoard,None,0.0,Gd,TA,PConc,Gd,TA,No,GLQ,733,Unf,0,604,1337,GasA,Gd,Y,SBrkr,1337,0,0,1337,1,0,2,0,2,1,Gd,5,Typ,1,TA,Attchd,1993.0,RFn,2,462,TA,TA,Y,96,0,70,168,0,0,,,,0,10,2008,WD,Normal
272,60,RL,75.0,9675,Pave,,Reg,Lvl,AllPub,Inside,Gtl,Somerst,Norm,Norm,1Fam,2Story,7,5,2005,2005,Gable,CompShg,VinylSd,VinylSd,None,0.0,Gd,TA,PConc,Gd,TA,Mn,GLQ,341,Unf,0,772,1113,GasA,Ex,Y,SBrkr,1113,858,0,1971,0,0,2,1,3,1,Gd,8,Typ,1,Gd,Attchd,2005.0,RFn,2,689,TA,TA,Y,0,48,0,0,0,0,,,,0,2,2009,WD,Normal
273,160,RM,36.0,2592,Pave,,Reg,Lvl,AllPub,Inside,Gtl,MeadowV,Norm,Norm,TwnhsE,2Story,5,3,1976,1976,Gable,CompShg,CemntBd,CmentBd,None,0.0,TA,TA,CBlock,Gd,TA,No,Rec,129,BLQ,232,175,536,GasA,TA,Y,SBrkr,536,576,0,1112,0,0,1,1,3,1,TA,4,Typ,0,,Attchd,1976.0,Unf,1,336,TA,TA,Y,182,0,0,0,0,0,,,,0,4,2010,WD,Normal
274,90,RL,70.0,9842,Pave,,Reg,Lvl,AllPub,FR2,Gtl,NAmes,Norm,Norm,Duplex,1Story,4,5,1962,1962,Gable,CompShg,HdBoard,HdBoard,None,0.0,TA,TA,Slab,,,,,0,,0,0,0,GasA,TA,Y,SBrkr,1224,0,0,1224,0,0,2,0,2,2,TA,6,Typ,0,,CarPort,1962.0,Unf,2,462,TA,TA,Y,0,0,0,0,0,0,,,,0,3,2007,WD,Normal
275,20,RL,,8750,Pave,,IR1,Lvl,AllPub,Inside,Gtl,NAmes,Norm,Norm,1Fam,1Story,5,6,1970,1970,Gable,CompShg,MetalSd,MetalSd,BrkFace,76.0,TA,TA,CBlock,TA,TA,No,BLQ,828,Unf,0,174,1002,GasA,TA,Y,SBrkr,1002,0,0,1002,1,0,1,0,3,1,TA,5,Typ,0,,Detchd,1973.0,Unf,2,902,TA,TA,Y,0,0,0,0,0,0,,MnPrv,,0,8,2009,WD,Normal
276,160,RM,24.0,2522,Pave,,Reg,Lvl,AllPub,Inside,Gtl,Edwards,Norm,Norm,Twnhs,2Story,7,5,2004,2004,Gable,CompShg,VinylSd,VinylSd,Stone,50.0,Gd,TA,PConc,Gd,TA,No,Unf,0,Unf,0,970,970,GasA,Ex,Y,SBrkr,970,739,0,1709,0,0,2,0,3,1,Gd,7,Maj1,0,,Detchd,2004.0,Unf,2,380,TA,TA,Y,0,40,0,0,0,0,,,,0,4,2006,WD,Normal
277,120,RL,68.0,7820,Pave,,IR1,Lvl,AllPub,Inside,Gtl,NridgHt,Norm,Norm,TwnhsE,1Story,9,5,2007,2007,Hip,CompShg,MetalSd,MetalSd,BrkFace,362.0,Ex,TA,PConc,Ex,TA,No,Unf,0,Unf,0,1869,1869,GasA,Ex,Y,SBrkr,1869,0,0,1869,0,0,2,0,2,1,Ex,6,Typ,1,Gd,Attchd,2007.0,RFn,2,617,TA,TA,Y,210,54,0,0,0,0,,,,0,12,2007,New,Partial
278,20,RL,65.0,25095,Pave,,IR1,Low,AllPub,Inside,Sev,ClearCr,Norm,Norm,1Fam,1Story,5,8,1968,2003,Flat,Tar&Grv,Wd Sdng,Wd Sdng,None,0.0,TA,TA,CBlock,TA,TA,Gd,GLQ,1324,Unf,0,113,1437,GasA,Ex,Y,SBrkr,1473,0,0,1473,2,0,1,0,1,1,Ex,5,Typ,2,Gd,Attchd,1968.0,Unf,1,452,TA,TA,Y,0,48,0,0,60,0,,,,0,6,2009,WD,Partial
279,50,RL,60.0,10930,Pave,Grvl,Reg,Bnk,AllPub,Inside,Gtl,NAmes,Artery,Norm,1Fam,1.5Fin,5,6,1945,1950,Gable,CompShg,MetalSd,MetalSd,None,0.0,TA,TA,CBlock,TA,TA,No,BLQ,580,Unf,0,333,913,GasA,TA,Y,FuseA,1048,510,0,1558,1,0,1,1,3,1,TA,6,Typ,1,TA,Attchd,1962.0,Unf,1,288,TA,TA,Y,0,0,0,0,0,0,,,,0,4,2008,WD,Normal
280,60,RL,65.0,14006,Pave,,IR1,Lvl,AllPub,Inside,Gtl,CollgCr,Norm,Norm,1Fam,2Story,7,5,2002,2002,Gable,CompShg,VinylSd,VinylSd,BrkFace,144.0,Gd,TA,PConc,Gd,TA,,Unf,0,Unf,0,936,936,GasA,Ex,Y,SBrkr,936,840,0,1776,0,0,2,1,3,1,Gd,7,Typ,1,TA,Attchd,2002.0,RFn,2,474,TA,TA,Y,144,96,0,0,0,0,,,,0,2,2006,WD,Normal
281,180,RM,21.0,1533,Pave,,Reg,Lvl,AllPub,Inside,Gtl,MeadowV,Norm,Norm,Twnhs,SFoyer,5,7,1970,1970,Gable,CompShg,CemntBd,CmentBd,None,0.0,TA,TA,CBlock,Gd,TA,Av,GLQ,553,Unf,0,77,630,GasA,Ex,Y,SBrkr,630,0,0,630,1,0,1,0,1,1,Ex,3,Typ,0,,,,,0,0,,,Y,0,0,0,0,0,0,,,,0,8,2006,WD,Abnorml
282,60,FV,65.0,8125,Pave,,Reg,Lvl,AllPub,Inside,Gtl,Somerst,Norm,Norm,1Fam,2Story,7,5,2006,2006,Gable,CompShg,VinylSd,VinylSd,None,0.0,Gd,TA,PConc,Gd,Gd,No,Unf,0,Unf,0,770,770,GasA,Ex,Y,SBrkr,778,798,0,1576,0,0,2,1,3,1,Gd,6,Typ,0,,Attchd,2006.0,RFn,2,614,TA,TA,Y,0,50,0,0,0,0,,,,0,8,2006,New,Partial
283,30,RL,52.0,9022,Pave,,Reg,Lvl,AllPub,Inside,Gtl,OldTown,Norm,Norm,1Fam,1Story,5,8,1924,2006,Gable,CompShg,VinylSd,VinylSd,None,0.0,Gd,TA,BrkTil,TA,TA,No,Unf,0,Unf,0,768,768,GasA,Ex,Y,SBrkr,792,0,0,792,0,0,1,0,2,1,Gd,5,Typ,0,,Detchd,1924.0,Unf,1,240,Fa,Fa,N,316,0,120,0,0,0,,,,0,5,2009,WD,Normal
284,20,RL,79.0,10637,Pave,,Reg,Lvl,AllPub,Inside,Gtl,CollgCr,Norm,Norm,1Fam,1Story,8,5,2007,2008,Hip,CompShg,VinylSd,VinylSd,Stone,336.0,Gd,TA,PConc,Ex,TA,Gd,GLQ,1288,Unf,0,417,1705,GasA,Ex,Y,SBrkr,1718,0,0,1718,1,0,2,0,3,1,Gd,7,Typ,1,Gd,Attchd,2007.0,RFn,3,826,TA,TA,Y,208,44,0,0,0,0,,,,0,9,2009,WD,Normal
285,20,RL,,9156,Pave,,IR1,Lvl,AllPub,Inside,Gtl,NWAmes,PosN,Norm,1Fam,1Story,6,7,1968,1968,Hip,CompShg,BrkFace,BrkFace,None,0.0,TA,TA,CBlock,TA,TA,No,Unf,0,Unf,0,1489,1489,GasA,Gd,Y,SBrkr,1489,0,0,1489,0,0,2,0,3,1,Gd,7,Typ,1,Gd,Attchd,1968.0,RFn,2,462,TA,TA,Y,0,0,0,0,0,0,,,,0,8,2009,WD,Normal
286,60,RL,79.0,12420,Pave,,Reg,Lvl,AllPub,Inside,Gtl,CollgCr,Norm,Norm,1Fam,2Story,7,5,2001,2001,Gable,CompShg,VinylSd,VinylSd,None,0.0,Gd,TA,PConc,Gd,TA,No,GLQ,666,Unf,0,278,944,GasA,Ex,Y,SBrkr,944,896,0,1840,1,0,2,1,3,1,Gd,6,Typ,0,,Attchd,2001.0,RFn,2,622,TA,TA,Y,0,45,0,0,0,0,,,,0,6,2009,WD,Normal
287,30,RM,50.0,5925,Pave,,Reg,Bnk,AllPub,Inside,Gtl,OldTown,Norm,Norm,1Fam,1Story,4,7,1937,2000,Hip,CompShg,Stucco,Stucco,BrkCmn,435.0,TA,TA,BrkTil,Fa,TA,No,Rec,168,Unf,0,739,907,GasA,TA,Y,SBrkr,1131,0,0,1131,0,0,1,0,2,1,TA,7,Typ,0,,Detchd,1995.0,Unf,2,672,TA,TA,Y,0,72,0,0,0,0,,MnPrv,,0,3,2007,WD,Alloca
288,20,RL,124.0,16158,Pave,,IR1,Low,AllPub,Inside,Mod,StoneBr,Norm,Norm,1Fam,1Story,7,5,2005,2005,Hip,CompShg,VinylSd,VinylSd,Stone,16.0,Gd,TA,PConc,Ex,TA,Av,ALQ,1274,Unf,0,256,1530,GasA,Ex,Y,SBrkr,1530,0,0,1530,1,0,2,0,3,1,Gd,7,Typ,1,Gd,Attchd,2005.0,Fin,2,430,TA,TA,Y,168,36,0,0,0,0,,,,0,6,2009,WD,Normal
289,60,RL,63.0,8199,Pave,,Reg,Lvl,AllPub,Inside,Gtl,CollgCr,Norm,Norm,1Fam,2Story,7,5,2005,2005,Gable,CompShg,WdShing,Wd Shng,None,0.0,Gd,TA,PConc,Gd,TA,Av,GLQ,648,Unf,0,80,728,GasA,Ex,Y,SBrkr,728,728,0,1456,1,0,2,1,3,1,Gd,7,Typ,1,Gd,Attchd,2005.0,Fin,2,410,TA,TA,Y,36,18,0,0,0,0,,,,0,10,2008,WD,Normal
290,70,RL,60.0,9084,Pave,,Reg,Lvl,AllPub,Inside,Gtl,Edwards,Artery,Norm,1Fam,2Story,4,5,1940,1950,Gable,CompShg,MetalSd,MetalSd,None,0.0,TA,TA,CBlock,TA,TA,Mn,Unf,0,Unf,0,755,755,GasA,TA,Y,SBrkr,755,755,0,1510,1,0,1,0,4,1,TA,7,Typ,1,Gd,Detchd,1940.0,Unf,1,296,Fa,Po,P,120,0,0,0,0,0,,MnPrv,,0,10,2009,WD,Normal
291,20,RL,70.0,8120,Pave,,Reg,Lvl,AllPub,Inside,Gtl,NAmes,Norm,Norm,1Fam,1Story,4,7,1970,1970,Gable,CompShg,MetalSd,MetalSd,None,0.0,TA,Gd,CBlock,TA,TA,No,ALQ,191,Unf,0,673,864,GasA,Ex,Y,SBrkr,864,0,0,864,0,0,1,0,3,1,TA,5,Typ,0,,Detchd,1994.0,Unf,2,463,TA,TA,Y,0,0,0,0,0,0,,,,0,7,2009,WD,Normal
292,20,RL,70.0,8400,Pave,,Reg,Lvl,AllPub,Inside,Gtl,NAmes,Norm,Norm,1Fam,1Story,5,6,1957,1957,Gable,CompShg,MetalSd,MetalSd,None,0.0,TA,Gd,CBlock,TA,TA,No,Rec,922,Unf,0,392,1314,GasA,TA,Y,SBrkr,1314,0,0,1314,1,0,1,0,3,1,TA,5,Typ,0,,Attchd,1957.0,RFn,1,294,TA,TA,Y,250,0,0,0,0,0,,,,0,6,2010,WD,Normal
293,60,RL,59.0,7837,Pave,,IR1,Lvl,AllPub,Inside,Gtl,Gilbert,Norm,Norm,1Fam,2Story,6,7,1993,1994,Gable,CompShg,VinylSd,VinylSd,None,0.0,Gd,TA,PConc,Gd,TA,No,Unf,0,Unf,0,799,799,GasA,Gd,Y,SBrkr,799,772,0,1571,0,0,2,1,3,1,TA,7,Typ,1,TA,Attchd,1993.0,RFn,2,380,TA,TA,Y,0,40,0,0,0,0,,,,0,5,2009,WD,Normal
294,30,RL,67.0,8777,Pave,,Reg,Lvl,AllPub,Inside,Gtl,Edwards,Feedr,Norm,1Fam,1Story,5,7,1910,1950,Gable,CompShg,MetalSd,Wd Sdng,None,0.0,TA,TA,CBlock,Fa,TA,No,Unf,0,Unf,0,796,796,GasA,Gd,Y,FuseA,796,0,0,796,0,0,1,0,2,1,TA,4,Typ,0,,,,,0,0,,,P,328,0,164,0,0,0,,MnPrv,,0,5,2008,WD,Normal
295,50,RL,60.0,7200,Pave,,Reg,Lvl,AllPub,Corner,Gtl,SWISU,Feedr,Norm,1Fam,1.5Fin,5,7,1937,1950,Gable,CompShg,Wd Sdng,Wd Sdng,BrkFace,252.0,TA,TA,BrkTil,Gd,TA,No,ALQ,569,Unf,0,162,731,GasA,Ex,Y,SBrkr,981,787,0,1768,1,0,1,1,3,1,Gd,7,Typ,2,TA,Detchd,1939.0,Unf,1,240,TA,TA,Y,0,0,264,0,0,0,,MnPrv,,0,6,2007,WD,Normal
296,50,RL,50.0,5000,Pave,Pave,Reg,Lvl,AllPub,Inside,Gtl,SWISU,Norm,Norm,1Fam,1.5Fin,5,6,1924,1950,Gable,CompShg,BrkFace,Wd Sdng,None,0.0,TA,TA,BrkTil,TA,TA,No,LwQ,218,Unf,0,808,1026,GasA,TA,Y,SBrkr,1026,665,0,1691,0,0,2,0,3,1,Gd,6,Typ,1,Gd,Detchd,1924.0,Unf,1,308,TA,TA,Y,0,0,242,0,0,0,,,,0,5,2010,WD,Normal
297,20,RL,70.0,9800,Pave,,Reg,Lvl,AllPub,Corner,Gtl,CollgCr,Norm,Norm,1Fam,1Story,5,7,1972,1972,Gable,CompShg,VinylSd,VinylSd,None,0.0,TA,TA,PConc,TA,TA,No,ALQ,894,Unf,0,0,894,GasA,TA,Y,SBrkr,894,0,0,894,1,0,1,0,3,1,TA,5,Typ,0,,Attchd,1975.0,Unf,2,552,TA,TA,Y,256,0,0,0,0,0,,GdWo,,0,7,2006,WD,Abnorml
298,60,RL,122.0,11911,Pave,,IR2,Lvl,AllPub,Inside,Gtl,Gilbert,Norm,Norm,1Fam,2Story,6,5,2005,2005,Gable,CompShg,VinylSd,VinylSd,None,0.0,Gd,TA,PConc,Gd,TA,Av,Unf,0,Unf,0,684,684,GasA,Ex,Y,SBrkr,684,876,0,1560,0,0,2,1,3,1,Gd,6,Typ,1,Gd,BuiltIn,2005.0,Fin,2,400,TA,TA,Y,100,38,0,0,0,0,,,,0,3,2009,WD,Normal
299,50,RM,40.0,5436,Pave,,Reg,Lvl,AllPub,Inside,Gtl,IDOTRR,Norm,Norm,1Fam,1.5Fin,4,8,1922,2007,Gable,CompShg,VinylSd,VinylSd,None,0.0,TA,Gd,BrkTil,TA,TA,No,BLQ,735,Unf,0,61,796,GasA,Gd,Y,SBrkr,796,358,0,1154,1,0,1,0,3,1,Gd,7,Typ,0,,Detchd,1922.0,Unf,1,240,TA,TA,N,0,96,0,0,0,0,,MnPrv,,0,5,2010,WD,Normal
300,20,RL,78.0,12090,Pave,,IR1,Lvl,AllPub,Inside,Gtl,NWAmes,Norm,Norm,1Fam,1Story,6,6,1981,1981,Gable,CompShg,MetalSd,MetalSd,BrkFace,210.0,TA,Gd,CBlock,Gd,TA,No,GLQ,588,LwQ,228,606,1422,GasA,TA,Y,SBrkr,1422,0,0,1422,0,0,2,0,3,1,Gd,7,Typ,1,TA,Attchd,1981.0,Fin,2,576,TA,TA,Y,276,0,0,0,0,0,,GdPrv,,0,6,2008,WD,Normal
301,20,RL,76.0,9158,Pave,,Reg,Lvl,AllPub,Inside,Gtl,Somerst,Norm,Norm,1Fam,1Story,8,5,2007,2007,Gable,CompShg,CemntBd,CmentBd,Stone,140.0,Gd,TA,PConc,Gd,TA,Av,Unf,0,Unf,0,1496,1496,GasA,Ex,Y,SBrkr,1496,0,0,1496,0,0,2,0,3,1,Gd,7,Typ,0,,Attchd,2007.0,Fin,2,474,TA,TA,Y,168,130,0,0,0,0,,,,0,6,2007,New,Partial
302,85,RL,70.0,8400,Pave,,Reg,Lvl,AllPub,Inside,Gtl,Sawyer,Norm,Norm,1Fam,SFoyer,6,5,1966,1966,Gable,CompShg,VinylSd,VinylSd,None,0.0,TA,TA,CBlock,TA,TA,Gd,LwQ,187,Rec,627,0,814,GasA,Gd,Y,SBrkr,913,0,0,913,1,0,1,0,3,1,TA,6,Typ,0,,Detchd,1990.0,Unf,1,240,TA,TA,Y,0,0,252,0,0,0,,,,0,5,2007,WD,Normal
303,80,RL,85.0,13400,Pave,,Reg,Lvl,AllPub,Inside,Gtl,NAmes,Norm,Norm,1Fam,SLvl,5,5,1966,1966,Gable,CompShg,VinylSd,VinylSd,BrkFace,1047.0,TA,TA,CBlock,TA,TA,Av,ALQ,516,BLQ,128,380,1024,GasA,TA,Y,SBrkr,1086,0,0,1086,1,0,1,0,3,1,TA,6,Typ,1,Gd,Attchd,1966.0,RFn,2,484,TA,TA,Y,0,0,0,0,0,0,,GdWo,,0,6,2006,WD,Normal
304,20,RL,82.0,11880,Pave,,IR1,Lvl,AllPub,Inside,Gtl,NWAmes,RRAn,Norm,1Fam,1Story,7,5,1978,1978,Gable,CompShg,Plywood,Plywood,BrkFace,206.0,TA,TA,CBlock,Gd,TA,No,ALQ,704,Unf,0,567,1271,GasA,TA,Y,SBrkr,1601,0,0,1601,0,0,2,0,3,1,TA,7,Typ,1,TA,Attchd,1978.0,RFn,2,478,TA,TA,Y,0,0,0,0,0,0,,,,0,4,2009,COD,Abnorml
305,60,RL,85.0,13600,Pave,,Reg,Lvl,AllPub,Inside,Gtl,NAmes,Norm,Norm,1Fam,2Story,7,6,1965,1990,Gable,CompShg,HdBoard,HdBoard,BrkFace,176.0,TA,TA,CBlock,TA,TA,No,BLQ,454,Unf,0,314,768,GasA,TA,Y,SBrkr,1186,800,0,1986,0,0,2,1,3,1,TA,7,Typ,3,Fa,Attchd,1965.0,Unf,2,486,TA,TA,Y,0,42,0,0,189,0,,,,0,10,2009,WD,Normal
306,20,RL,80.0,9600,Pave,,Reg,Lvl,AllPub,Inside,Gtl,NWAmes,Norm,Norm,1Fam,1Story,7,5,1969,1969,Hip,CompShg,HdBoard,HdBoard,BrkFace,168.0,TA,TA,CBlock,TA,TA,No,Unf,0,Unf,0,1164,1164,GasA,TA,Y,SBrkr,1164,0,0,1164,0,0,1,1,3,1,TA,6,Typ,0,,Attchd,1969.0,Unf,2,528,TA,TA,Y,0,0,0,0,0,0,,,,0,7,2006,COD,Normal
307,60,RL,,8068,Pave,,IR1,Lvl,AllPub,Inside,Gtl,Gilbert,Norm,Norm,1Fam,2Story,6,5,2002,2002,Gable,CompShg,VinylSd,VinylSd,None,0.0,Gd,TA,PConc,Gd,TA,No,Unf,0,Unf,0,1010,1010,GasA,Ex,Y,SBrkr,1010,1257,0,2267,0,0,2,1,4,1,Gd,8,Typ,1,TA,BuiltIn,2002.0,RFn,2,390,TA,TA,Y,120,46,0,0,0,0,,,,0,12,2009,ConLI,Normal
308,20,RL,,21000,Pave,,Reg,Bnk,AllPub,Corner,Gtl,Crawfor,Norm,Norm,1Fam,1Story,6,5,1953,1953,Hip,CompShg,Wd Sdng,Wd Sdng,BrkFace,184.0,TA,Gd,CBlock,Gd,TA,Mn,ALQ,35,Rec,869,905,1809,GasA,TA,Y,SBrkr,2259,0,0,2259,1,0,2,0,3,1,Gd,7,Typ,2,Gd,Basment,1953.0,Unf,2,450,TA,TA,Y,166,120,192,0,0,0,,MnPrv,,0,10,2007,COD,Abnorml
309,20,RM,49.0,8235,Pave,,IR1,HLS,AllPub,Inside,Gtl,OldTown,Feedr,RRNn,1Fam,1Story,5,7,1955,1995,Gable,CompShg,MetalSd,MetalSd,None,0.0,TA,Gd,CBlock,TA,TA,No,LwQ,180,Rec,645,0,825,GasA,TA,Y,SBrkr,825,0,0,825,1,0,1,0,2,1,TA,4,Typ,0,,Detchd,1963.0,RFn,2,720,TA,TA,Y,140,50,0,0,0,0,,MnPrv,,0,6,2008,WD,Normal
310,60,RL,75.0,7950,Pave,,IR1,Bnk,AllPub,Corner,Gtl,Edwards,Norm,Norm,1Fam,2Story,6,6,1977,1977,Hip,CompShg,HdBoard,Plywood,BrkFace,140.0,TA,TA,CBlock,TA,TA,No,BLQ,535,Unf,0,155,690,GasA,TA,Y,SBrkr,698,728,0,1426,0,0,1,1,3,1,TA,6,Typ,0,,Attchd,1977.0,Fin,2,440,TA,TA,Y,252,0,0,0,0,0,,MnPrv,,0,7,2009,WD,Normal
311,20,RL,47.0,12416,Pave,,IR1,Lvl,AllPub,Inside,Gtl,Timber,Norm,Norm,1Fam,1Story,6,5,1986,1986,Gable,CompShg,VinylSd,Plywood,Stone,132.0,TA,TA,CBlock,Gd,Fa,No,ALQ,1398,LwQ,208,0,1606,GasA,TA,Y,SBrkr,1651,0,0,1651,1,0,2,0,3,1,TA,7,Min2,1,TA,Attchd,1986.0,Fin,2,616,TA,TA,Y,192,0,0,0,0,0,,,,0,11,2008,WD,Normal
312,45,RL,55.0,10594,Pave,,Reg,Lvl,AllPub,Inside,Gtl,Crawfor,Norm,Norm,1Fam,1.5Unf,5,5,1926,1950,Gable,CompShg,Wd Sdng,Wd Sdng,None,0.0,TA,TA,BrkTil,TA,TA,No,Unf,0,Unf,0,768,768,Grav,Fa,N,SBrkr,789,0,0,789,0,0,1,0,2,1,TA,5,Typ,0,,Detchd,1926.0,Unf,1,200,Po,Po,Y,0,0,112,0,0,0,,MnPrv,,0,6,2007,WD,Normal
313,90,RL,91.0,11643,Pave,,Reg,Lvl,AllPub,Inside,Gtl,NAmes,Artery,Norm,Duplex,2Story,5,5,1969,1969,Gable,CompShg,MetalSd,MetalSd,BrkFace,368.0,TA,TA,CBlock,TA,TA,No,LwQ,500,Unf,0,748,1248,GasA,TA,Y,SBrkr,1338,1296,0,2634,1,1,2,2,6,2,TA,12,Typ,0,,Detchd,1969.0,Unf,4,968,TA,TA,Y,0,0,0,0,0,0,,,,0,8,2009,WD,Normal
314,50,RM,52.0,6240,Pave,,Reg,Lvl,AllPub,Inside,Gtl,BrkSide,Norm,Norm,1Fam,1.5Fin,5,6,1928,1950,Gable,CompShg,MetalSd,MetalSd,None,0.0,TA,TA,BrkTil,TA,TA,No,Unf,0,Unf,0,1042,1042,GasA,Ex,Y,SBrkr,1042,534,0,1576,0,0,1,0,3,1,TA,8,Typ,1,Gd,Detchd,1928.0,Unf,1,225,TA,TA,Y,0,0,0,0,0,0,,,,0,8,2006,WD,Family
315,60,RL,65.0,10237,Pave,,Reg,Lvl,AllPub,Inside,Gtl,Gilbert,RRAn,Norm,1Fam,2Story,6,5,2005,2007,Gable,CompShg,VinylSd,VinylSd,None,0.0,Gd,TA,PConc,Gd,TA,No,Unf,0,Unf,0,783,783,GasA,Ex,Y,SBrkr,783,701,0,1484,0,0,2,1,3,1,Gd,8,Typ,1,Gd,Attchd,2005.0,Fin,2,393,TA,TA,Y,0,72,0,0,0,0,,,,0,7,2007,New,Partial
316,20,RL,67.0,10083,Pave,,Reg,Lvl,AllPub,Inside,Gtl,SawyerW,Norm,Norm,1Fam,1Story,7,5,2003,2003,Gable,CompShg,VinylSd,VinylSd,,,Gd,TA,PConc,Gd,TA,No,GLQ,833,Unf,0,343,1176,GasA,Ex,Y,SBrkr,1200,0,0,1200,1,0,2,0,2,1,Gd,5,Typ,0,,Attchd,2003.0,RFn,2,555,TA,TA,Y,0,41,0,0,0,0,,,,0,8,2009,WD,Normal
317,160,FV,35.0,4251,Pave,Pave,IR1,Lvl,AllPub,Inside,Gtl,Somerst,Norm,Norm,TwnhsE,2Story,7,5,2006,2007,Gable,CompShg,MetalSd,MetalSd,None,0.0,Gd,TA,PConc,Gd,TA,No,Unf,0,Unf,0,625,625,GasA,Ex,Y,SBrkr,625,625,0,1250,0,0,2,1,2,1,Gd,5,Typ,0,,Detchd,2006.0,RFn,2,528,TA,TA,Y,0,54,0,0,0,0,,,,0,6,2007,New,Partial
318,20,RL,100.0,17500,Pave,,Reg,Lvl,AllPub,Inside,Gtl,Crawfor,PosA,Norm,1Fam,1Story,7,8,1959,2002,Gable,CompShg,BrkFace,HdBoard,None,0.0,Gd,Gd,PConc,Gd,TA,Av,GLQ,1406,Unf,0,496,1902,GasA,TA,Y,SBrkr,1902,0,0,1902,1,0,2,0,3,1,Ex,7,Typ,2,TA,Attchd,1959.0,Fin,2,567,TA,TA,Y,0,207,162,0,0,0,,,,0,5,2010,WD,Normal
319,90,RL,,8544,Pave,,Reg,Lvl,AllPub,Inside,Gtl,NAmes,Norm,Norm,Duplex,1Story,3,4,1949,1950,Gable,CompShg,Stucco,Stucco,BrkFace,340.0,TA,TA,Slab,,,,,0,,0,0,0,Wall,Fa,N,FuseA,1040,0,0,1040,0,0,2,0,2,2,TA,6,Typ,0,,Detchd,1949.0,Unf,2,400,TA,TA,Y,0,0,0,0,0,0,,,,0,5,2006,WD,Normal
320,20,RL,79.0,9541,Pave,,IR1,Lvl,AllPub,Inside,Gtl,NridgHt,Norm,Norm,1Fam,1Story,7,5,2009,2009,Gable,CompShg,VinylSd,VinylSd,Stone,268.0,Gd,TA,PConc,Gd,TA,No,Unf,0,Unf,0,1502,1502,GasA,Ex,Y,SBrkr,1502,0,0,1502,0,0,2,0,3,1,Gd,7,Typ,0,,Attchd,2009.0,RFn,2,644,TA,TA,Y,0,114,0,0,0,0,,,,0,9,2009,New,Partial
321,20,RL,,8544,Pave,,IR1,Lvl,AllPub,CulDSac,Gtl,Sawyer,Norm,Norm,1Fam,1Story,5,6,1966,2006,Gable,CompShg,HdBoard,HdBoard,None,0.0,TA,TA,CBlock,TA,TA,No,Unf,0,Unf,0,1228,1228,GasA,Gd,Y,SBrkr,1228,0,0,1228,0,0,1,1,3,1,Gd,6,Typ,0,,Attchd,1966.0,Unf,1,271,TA,TA,Y,0,65,0,0,0,0,,MnPrv,,0,6,2008,WD,Normal
322,40,RL,60.0,12144,Pave,,Reg,Lvl,AllPub,Inside,Gtl,NAmes,Norm,Norm,1Fam,1Story,5,7,1949,1950,Gable,CompShg,HdBoard,HdBoard,None,0.0,Gd,TA,CBlock,TA,TA,No,Rec,375,Unf,0,457,832,GasA,Gd,Y,SBrkr,1036,0,232,1268,0,0,1,0,3,1,TA,6,Typ,1,Gd,Attchd,1949.0,Unf,1,288,TA,TA,Y,0,28,0,0,0,0,,,Othr,0,9,2009,WD,Normal
323,30,RL,67.0,5604,Pave,,Reg,Lvl,AllPub,Inside,Gtl,Edwards,Norm,Norm,1Fam,1Story,5,6,1925,1950,Gable,CompShg,Stucco,Stucco,None,0.0,TA,TA,CBlock,TA,TA,No,Rec,468,Unf,0,396,864,GasA,TA,N,FuseA,864,0,0,864,1,0,1,0,2,1,TA,5,Typ,0,,,,,0,0,,,Y,0,0,96,0,0,0,,,,0,4,2008,WD,Normal
324,20,RL,79.0,10240,Pave,,Reg,Lvl,AllPub,Inside,Gtl,NWAmes,Norm,Norm,1Fam,1Story,6,6,1980,1980,Gable,CompShg,Plywood,Plywood,BrkFace,157.0,TA,Gd,CBlock,Gd,TA,No,BLQ,625,LwQ,1061,0,1686,GasA,TA,Y,SBrkr,1686,0,0,1686,1,0,2,0,3,1,TA,7,Typ,1,TA,Attchd,1980.0,Unf,2,612,TA,TA,Y,384,131,0,0,0,0,,,,0,5,2006,WD,Normal
325,20,RL,,9991,Pave,,IR1,Lvl,AllPub,Corner,Gtl,Sawyer,Feedr,Norm,1Fam,1Story,4,4,1976,1993,Gable,CompShg,Plywood,Plywood,None,0.0,TA,TA,CBlock,TA,TA,No,BLQ,1116,Unf,0,165,1281,GasA,Ex,Y,SBrkr,1620,0,0,1620,1,0,2,0,3,1,TA,8,Min1,1,TA,Attchd,1993.0,Unf,2,490,TA,TA,Y,120,78,0,0,0,0,,GdWo,,0,6,2009,WD,Normal
326,85,RL,,7252,Pave,,IR1,Lvl,AllPub,CulDSac,Gtl,Sawyer,Norm,Norm,1Fam,SFoyer,5,5,1982,1982,Hip,CompShg,Wd Sdng,Wd Sdng,None,0.0,TA,TA,CBlock,Gd,TA,Av,GLQ,685,Unf,0,173,858,GasA,TA,Y,SBrkr,858,0,0,858,1,0,1,0,2,1,TA,5,Typ,0,,Detchd,1983.0,Unf,2,576,TA,TA,Y,120,0,0,0,0,0,,,,0,4,2009,WD,Normal
327,20,FV,60.0,7200,Pave,Pave,Reg,Lvl,AllPub,Inside,Gtl,Somerst,Norm,Norm,1Fam,1Story,7,5,2006,2006,Gable,CompShg,VinylSd,VinylSd,None,0.0,Gd,TA,PConc,Gd,Gd,No,Unf,0,Unf,0,1293,1293,GasA,Ex,Y,SBrkr,1301,0,0,1301,1,0,2,0,2,1,Gd,5,Typ,1,Gd,Attchd,2006.0,RFn,2,572,TA,TA,Y,216,121,0,0,0,0,,,,0,8,2006,New,Partial
328,20,RL,128.0,12160,Pave,,Reg,Lvl,AllPub,Inside,Gtl,NAmes,Feedr,Norm,1Fam,1Story,6,4,1953,1953,Hip,CompShg,Wd Sdng,Wd Sdng,BrkFace,90.0,TA,TA,CBlock,TA,TA,No,BLQ,1024,Unf,0,481,1505,GasA,Ex,Y,SBrkr,1505,0,0,1505,1,0,1,0,2,1,TA,6,Typ,1,TA,Attchd,1953.0,RFn,2,505,TA,TA,Y,0,0,0,162,0,0,,,,0,2,2009,WD,Normal
329,20,RL,71.0,9353,Pave,,Reg,Lvl,AllPub,Inside,Gtl,NAmes,Norm,Norm,1Fam,1Story,4,5,1970,1970,Gable,CompShg,MetalSd,MetalSd,None,0.0,TA,TA,CBlock,TA,TA,No,Unf,0,Unf,0,864,864,GasA,Gd,Y,SBrkr,864,0,0,864,0,0,1,0,3,1,TA,5,Typ,0,,Attchd,1972.0,Unf,1,280,TA,TA,Y,0,0,0,0,0,0,,,Shed,0,7,2006,Oth,Abnorml
330,90,RL,64.0,7018,Pave,,Reg,Bnk,AllPub,Inside,Gtl,SawyerW,Feedr,Norm,Duplex,SFoyer,5,5,1979,1979,Gable,CompShg,Plywood,Plywood,Stone,275.0,TA,TA,CBlock,Gd,TA,Av,GLQ,1086,Unf,0,0,1086,GasA,TA,Y,SBrkr,1224,0,0,1224,2,0,0,2,2,2,TA,6,Typ,2,TA,Detchd,1979.0,Unf,2,528,TA,TA,Y,120,0,0,0,0,0,,,,0,6,2009,WD,Alloca
331,20,RL,,13284,Pave,,Reg,Lvl,AllPub,Inside,Gtl,Sawyer,PosN,Norm,1Fam,1Story,5,5,1954,1954,Gable,CompShg,Wd Sdng,Plywood,None,0.0,TA,TA,PConc,Gd,TA,Mn,BLQ,1064,Unf,0,319,1383,GasA,TA,Y,SBrkr,1383,0,0,1383,1,0,1,0,3,1,TA,6,Typ,1,Gd,Attchd,1954.0,Unf,1,354,TA,TA,Y,511,116,0,0,0,0,,GdPrv,,0,6,2008,WD,Normal
332,20,RL,60.0,6600,Pave,,Reg,Lvl,AllPub,Inside,Gtl,Mitchel,Norm,Norm,1Fam,1Story,5,9,1982,2008,Gable,CompShg,VinylSd,VinylSd,None,0.0,Gd,Gd,CBlock,TA,TA,No,ALQ,641,Unf,0,175,816,GasA,Ex,Y,SBrkr,816,0,0,816,0,1,1,0,3,1,Gd,5,Typ,1,Ex,Attchd,1982.0,Unf,1,264,TA,TA,Y,0,0,0,0,0,0,,MnPrv,,0,10,2008,WD,Normal
333,90,RM,78.0,7060,Pave,,Reg,Lvl,AllPub,Inside,Gtl,Mitchel,Norm,Norm,Duplex,SFoyer,7,5,1997,1998,Gable,CompShg,VinylSd,VinylSd,BrkFace,200.0,TA,Gd,PConc,Gd,Gd,Gd,GLQ,1309,Unf,0,35,1344,GasA,Ex,Y,SBrkr,1344,0,0,1344,2,0,2,0,2,2,TA,8,Typ,0,,Attchd,1997.0,Fin,4,784,TA,TA,Y,0,0,0,0,0,0,,,,0,11,2008,WD,Alloca
334,160,FV,34.0,3604,Pave,Pave,Reg,Lvl,AllPub,Corner,Gtl,Somerst,Norm,Norm,TwnhsE,2Story,7,5,2007,2007,Gable,CompShg,VinylSd,VinylSd,None,0.0,Gd,TA,PConc,Gd,TA,No,Unf,0,Unf,0,689,689,GasA,Ex,Y,SBrkr,703,689,0,1392,0,0,2,0,2,1,Gd,5,Typ,0,,Detchd,2007.0,Unf,2,540,TA,TA,Y,0,102,0,0,0,0,,,,0,2,2008,WD,Abnorml
335,20,RL,80.0,8892,Pave,,IR1,Lvl,AllPub,Inside,Gtl,NAmes,Norm,Norm,1Fam,1Story,5,5,1960,1960,Gable,CompShg,MetalSd,MetalSd,BrkCmn,66.0,TA,TA,CBlock,TA,TA,No,Unf,0,Unf,0,1065,1065,GasA,Gd,Y,SBrkr,1065,0,0,1065,0,0,1,1,3,1,TA,6,Typ,0,,Detchd,1974.0,Unf,2,461,TA,TA,Y,74,0,0,0,0,0,,,,0,7,2007,COD,Normal
336,50,RL,53.0,5362,Pave,,Reg,Lvl,AllPub,Corner,Gtl,Crawfor,Norm,Norm,1Fam,1.5Fin,5,6,1910,2003,Gable,CompShg,Wd Sdng,Wd Shng,None,0.0,TA,TA,PConc,TA,TA,No,Unf,0,Unf,0,661,661,GasA,Ex,Y,SBrkr,661,589,0,1250,0,0,2,0,3,1,TA,8,Typ,1,Gd,Detchd,1985.0,Unf,2,552,TA,TA,Y,242,0,81,0,0,0,,,,0,11,2007,WD,Normal
337,190,RM,33.0,4456,Pave,,Reg,Lvl,AllPub,Inside,Gtl,OldTown,Norm,Norm,2fmCon,2Story,4,5,1920,2008,Gable,CompShg,MetalSd,MetalSd,None,0.0,TA,TA,BrkTil,TA,TA,No,Unf,0,Unf,0,736,736,GasA,Gd,Y,SBrkr,736,716,0,1452,0,0,2,0,2,3,TA,8,Typ,0,,,,,0,0,,,N,0,0,102,0,0,0,,,,0,6,2009,New,Partial
338,50,RL,60.0,9600,Pave,,Reg,Lvl,AllPub,Corner,Gtl,Edwards,Artery,Norm,1Fam,1.5Fin,6,5,1924,1950,Gable,CompShg,Wd Sdng,Wd Sdng,None,0.0,TA,TA,BrkTil,TA,TA,No,Unf,0,Unf,0,572,572,Grav,Fa,N,FuseF,572,524,0,1096,0,0,1,0,2,1,TA,5,Typ,0,,,,,0,0,,,N,0,8,128,0,0,0,,,,0,4,2008,WD,Normal
339,20,FV,95.0,11639,Pave,,Reg,Lvl,AllPub,Corner,Gtl,Somerst,Norm,Norm,1Fam,1Story,7,5,2007,2008,Gable,CompShg,CemntBd,CmentBd,,,Gd,TA,PConc,Gd,TA,No,Unf,0,Unf,0,1428,1428,GasA,Ex,Y,SBrkr,1428,0,0,1428,0,0,2,0,3,1,Gd,6,Typ,0,,Attchd,2007.0,Fin,2,480,TA,TA,Y,0,120,0,0,0,0,,,,0,12,2008,New,Partial
340,60,RL,,8000,Pave,,Reg,Lvl,AllPub,Inside,Gtl,Gilbert,Norm,Norm,1Fam,2Story,6,5,1995,1996,Gable,CompShg,HdBoard,HdBoard,None,0.0,TA,TA,PConc,Gd,TA,No,GLQ,219,Unf,0,554,773,GasA,Gd,Y,SBrkr,773,885,0,1658,1,0,2,1,3,1,TA,8,Typ,1,TA,Attchd,1995.0,Fin,2,431,TA,TA,Y,224,84,0,0,0,0,,,,0,6,2008,WD,Normal
341,20,RL,60.0,7200,Pave,,Reg,Lvl,AllPub,Inside,Gtl,NAmes,Norm,Norm,1Fam,1Story,5,8,1950,2002,Gable,CompShg,VinylSd,VinylSd,None,0.0,TA,TA,CBlock,TA,TA,No,ALQ,398,BLQ,149,317,864,GasA,Gd,Y,SBrkr,864,0,0,864,1,0,1,0,3,1,Gd,5,Typ,0,,Detchd,1980.0,RFn,2,720,TA,TA,Y,194,0,0,0,0,0,,,,0,7,2007,WD,Normal
342,190,RH,,7082,Pave,,Reg,Lvl,AllPub,Inside,Gtl,SWISU,Norm,Norm,2fmCon,2Story,5,8,1916,1995,Gable,CompShg,VinylSd,VinylSd,None,0.0,TA,TA,PConc,TA,TA,Mn,Unf,0,Unf,0,686,686,GasA,Gd,Y,SBrkr,948,980,0,1928,0,0,2,0,5,2,TA,10,Typ,0,,,,,0,0,,,N,0,0,228,0,0,0,,,,0,7,2006,WD,Normal
343,20,RL,80.0,8400,Pave,,Reg,Lvl,AllPub,Inside,Gtl,NAmes,Norm,Norm,1Fam,1Story,6,9,1962,2005,Gable,CompShg,Wd Sdng,Wd Sdng,BrkFace,237.0,Gd,Gd,CBlock,TA,TA,No,Unf,0,Unf,0,1319,1319,GasA,TA,Y,SBrkr,1537,0,0,1537,1,0,1,1,3,1,Gd,7,Typ,1,Gd,Attchd,1962.0,RFn,2,462,TA,TA,Y,0,36,0,0,0,0,,GdPrv,,0,7,2008,COD,Abnorml
344,60,RL,58.0,14054,Pave,,IR1,Lvl,AllPub,Inside,Gtl,Gilbert,Norm,Norm,1Fam,2Story,7,5,2006,2006,Gable,CompShg,VinylSd,VinylSd,None,0.0,Gd,TA,PConc,Gd,TA,Av,Unf,0,Unf,0,879,879,GasA,Ex,Y,SBrkr,879,984,0,1863,0,0,2,1,4,1,Gd,9,Typ,1,Gd,BuiltIn,2006.0,Fin,3,660,TA,TA,Y,100,17,0,0,0,0,,,,0,11,2006,New,Partial
345,60,FV,85.0,11003,Pave,,Reg,Lvl,AllPub,Inside,Gtl,Somerst,Norm,Norm,1Fam,2Story,10,5,2008,2008,Gable,CompShg,VinylSd,VinylSd,Stone,160.0,Ex,TA,PConc,Ex,TA,Av,GLQ,765,Unf,0,252,1017,GasA,Ex,Y,SBrkr,1026,981,0,2007,1,0,2,1,3,1,Ex,10,Typ,1,Ex,Attchd,2008.0,Fin,3,812,TA,TA,Y,168,52,0,0,0,0,,,,0,4,2009,WD,Normal
346,20,RL,72.0,11846,Pave,,IR1,HLS,AllPub,Inside,Gtl,NridgHt,Norm,Norm,1Fam,1Story,9,5,2003,2004,Hip,CompShg,VinylSd,VinylSd,BrkFace,562.0,Gd,TA,PConc,Ex,TA,Gd,GLQ,1567,Unf,0,225,1792,GasA,Ex,Y,SBrkr,1792,0,0,1792,1,0,2,0,2,1,Ex,6,Typ,1,Gd,Attchd,2003.0,Fin,3,874,TA,TA,Y,206,49,0,0,0,0,,,,0,8,2006,WD,Normal
347,30,RM,60.0,8520,Pave,,Reg,Lvl,AllPub,Inside,Gtl,OldTown,Norm,Norm,1Fam,1Story,5,6,1923,2006,Gable,CompShg,Wd Sdng,Wd Sdng,None,0.0,Gd,TA,CBlock,TA,TA,No,Unf,0,Unf,0,968,968,GasA,TA,Y,SBrkr,968,0,0,968,0,0,1,0,2,1,TA,5,Typ,0,,Detchd,1935.0,Unf,2,480,Fa,TA,N,0,0,184,0,0,0,,,,0,7,2007,WD,Normal
348,60,RL,,11029,Pave,,IR1,Lvl,AllPub,Corner,Gtl,NWAmes,PosA,Norm,1Fam,2Story,6,7,1968,1984,Gable,CompShg,HdBoard,HdBoard,BrkFace,220.0,TA,TA,CBlock,TA,TA,Mn,BLQ,619,Unf,0,435,1054,GasA,TA,Y,SBrkr,1512,1142,0,2654,1,0,2,1,4,1,Gd,9,Typ,1,Gd,Attchd,1968.0,Unf,2,619,TA,TA,Y,0,65,0,0,222,0,,,,0,8,2006,WD,Normal
349,80,RL,,10246,Pave,,IR1,Lvl,AllPub,CulDSac,Gtl,Sawyer,Norm,Norm,1Fam,SLvl,4,9,1965,2001,Gable,CompShg,VinylSd,VinylSd,None,0.0,TA,Gd,CBlock,TA,Gd,Av,GLQ,648,Unf,0,0,648,GasA,Ex,Y,SBrkr,960,0,0,960,1,1,0,0,0,1,TA,3,Typ,0,,Attchd,1965.0,Unf,1,364,TA,TA,Y,88,0,0,0,0,0,,,,0,5,2006,WD,Normal
350,75,RM,75.0,13500,Pave,,Reg,Lvl,AllPub,Inside,Gtl,OldTown,Artery,PosA,1Fam,2.5Unf,10,9,1893,2000,Gable,CompShg,Wd Sdng,Wd Sdng,None,0.0,Ex,Ex,BrkTil,TA,TA,No,Unf,0,Unf,0,1237,1237,GasA,Gd,Y,SBrkr,1521,1254,0,2775,0,0,3,1,3,1,Gd,9,Typ,1,Gd,Detchd,1988.0,Unf,2,880,Gd,TA,Y,105,502,0,0,0,0,,,,0,7,2008,WD,Normal
351,60,RL,105.0,13693,Pave,,Reg,Lvl,AllPub,Inside,Gtl,NridgHt,Norm,Norm,1Fam,2Story,9,5,2006,2006,Hip,CompShg,VinylSd,VinylSd,BrkFace,772.0,Ex,TA,PConc,Gd,TA,Av,Unf,0,Unf,0,2153,2153,GasA,Ex,Y,SBrkr,2069,574,0,2643,0,0,2,1,3,1,Ex,9,Typ,1,Gd,BuiltIn,2006.0,Fin,3,694,TA,TA,Y,414,84,0,0,0,0,,,,0,3,2007,WD,Normal
352,120,RM,44.0,3842,Pave,,IR1,HLS,AllPub,Inside,Mod,Crawfor,Norm,Norm,TwnhsE,1Story,8,5,2004,2005,Hip,CompShg,CemntBd,CmentBd,Stone,174.0,Gd,TA,PConc,Ex,TA,Gd,GLQ,1373,Unf,0,221,1594,GasA,Ex,Y,SBrkr,1646,0,0,1646,1,1,2,0,2,1,Gd,5,Typ,1,Gd,Attchd,2004.0,Fin,2,482,TA,TA,Y,128,53,0,0,155,0,,,,0,1,2008,WD,Normal
353,20,RL,,11200,Pave,,Reg,Lvl,AllPub,Inside,Gtl,SawyerW,Norm,Norm,1Fam,1Story,6,5,1985,1985,Gable,CompShg,Wd Sdng,Wd Shng,BrkFace,85.0,Gd,TA,CBlock,Gd,TA,No,GLQ,1258,Unf,0,40,1298,GasA,TA,Y,SBrkr,1298,0,0,1298,1,0,2,0,3,1,Gd,5,Typ,1,TA,Attchd,1985.0,Unf,2,403,TA,TA,Y,165,26,0,0,0,0,,,,0,5,2006,WD,Normal
354,20,RL,64.0,10475,Pave,,IR1,Lvl,AllPub,Corner,Gtl,CollgCr,Norm,Norm,1Fam,1Story,8,5,2008,2008,Gable,CompShg,VinylSd,VinylSd,Stone,72.0,Gd,TA,PConc,Gd,TA,Av,Unf,0,Unf,0,1694,1694,GasA,Ex,Y,SBrkr,1694,0,0,1694,0,0,2,0,3,1,Gd,7,Typ,0,,Attchd,2008.0,RFn,3,776,TA,TA,Y,160,33,0,0,0,0,,,,0,2,2010,WD,Normal
355,20,RL,,12772,Pave,,IR1,Lvl,AllPub,CulDSac,Gtl,NAmes,Norm,Norm,1Fam,1Story,6,8,1960,1998,Hip,CompShg,MetalSd,MetalSd,None,0.0,TA,Gd,CBlock,TA,TA,Mn,BLQ,498,Unf,0,460,958,GasA,TA,Y,SBrkr,958,0,0,958,0,0,1,0,2,1,TA,5,Typ,0,,Attchd,1960.0,RFn,1,301,TA,TA,Y,0,0,0,0,0,0,,,Gar2,15500,4,2007,WD,Normal
356,85,RL,69.0,10205,Pave,,IR1,Lvl,AllPub,Inside,Gtl,NAmes,Norm,Norm,1Fam,SFoyer,5,5,1962,1962,Gable,CompShg,MetalSd,MetalSd,None,0.0,TA,TA,CBlock,TA,TA,Av,BLQ,784,Unf,0,141,925,GasA,TA,Y,SBrkr,999,0,0,999,1,0,1,0,3,1,TA,6,Typ,0,,Attchd,1962.0,Unf,1,300,TA,TA,Y,150,72,0,0,0,0,,,,0,5,2006,WD,Normal
357,50,RL,54.0,6342,Pave,,Reg,Lvl,AllPub,Inside,Gtl,Sawyer,Feedr,Norm,1Fam,1.5Fin,5,8,1875,1996,Gable,CompShg,VinylSd,VinylSd,None,0.0,TA,Gd,CBlock,TA,TA,No,Unf,0,Unf,0,780,780,GasA,Gd,N,SBrkr,780,240,0,1020,0,0,1,0,2,1,TA,6,Typ,0,,,,,0,0,,,N,0,0,176,0,0,0,,,,0,5,2010,WD,Normal
358,60,FV,,7500,Pave,,Reg,Lvl,AllPub,Inside,Gtl,Somerst,Norm,Norm,1Fam,2Story,7,5,2000,2000,Gable,CompShg,VinylSd,VinylSd,None,0.0,Gd,TA,PConc,Gd,TA,No,GLQ,533,Unf,0,281,814,GasA,Ex,Y,SBrkr,814,860,0,1674,1,0,2,1,3,1,Gd,7,Typ,0,,Attchd,2000.0,RFn,2,663,TA,TA,Y,0,96,0,0,0,0,,,,0,1,2010,WD,Normal
359,20,RL,91.0,10437,Pave,,IR1,Lvl,AllPub,Inside,Gtl,NoRidge,Norm,Norm,1Fam,1Story,8,6,1995,1995,Hip,CompShg,MetalSd,MetalSd,BrkFace,660.0,Gd,Gd,PConc,Gd,TA,Gd,GLQ,1696,Unf,0,413,2109,GasA,Ex,Y,SBrkr,2113,0,0,2113,1,0,2,1,2,1,Gd,7,Typ,1,TA,Attchd,1995.0,Fin,3,839,TA,TA,Y,236,46,0,0,0,0,,,,0,8,2008,WD,Normal
360,60,RL,,12046,Pave,,IR1,Lvl,AllPub,Inside,Gtl,NWAmes,Norm,Norm,1Fam,2Story,6,6,1976,1976,Gable,CompShg,Plywood,Plywood,BrkFace,298.0,TA,TA,CBlock,TA,TA,No,LwQ,156,Unf,0,692,848,GasA,TA,Y,SBrkr,1118,912,0,2030,0,0,2,1,4,1,Gd,8,Typ,1,TA,Attchd,1976.0,Fin,2,551,TA,TA,Y,0,224,0,0,0,0,,,,0,6,2007,WD,Normal
361,160,RL,75.0,10762,Pave,,Reg,Lvl,AllPub,Corner,Gtl,SawyerW,Norm,Norm,TwnhsE,2Story,6,6,1980,1980,Gable,CompShg,Plywood,Plywood,None,0.0,TA,TA,CBlock,Gd,TA,No,Unf,0,Unf,0,626,626,GasA,TA,Y,SBrkr,626,591,0,1217,0,0,1,1,3,1,TA,6,Typ,1,TA,Attchd,1980.0,RFn,1,288,TA,TA,Y,0,28,0,0,0,0,,,,0,4,2009,WD,Normal
362,60,RL,,9375,Pave,,Reg,Lvl,AllPub,Inside,Gtl,CollgCr,Norm,Norm,1Fam,2Story,8,5,2002,2002,Gable,CompShg,VinylSd,VinylSd,BrkFace,149.0,Gd,TA,PConc,Gd,TA,No,Unf,0,Unf,0,1284,1284,GasA,Ex,Y,SBrkr,1284,885,0,2169,0,0,2,1,3,1,Gd,7,Typ,1,Gd,Attchd,2002.0,RFn,2,647,TA,TA,Y,192,87,0,0,0,0,,,,0,8,2007,WD,Normal
363,60,RL,,29959,Pave,,IR2,Lvl,AllPub,FR2,Gtl,NoRidge,Norm,Norm,1Fam,2Story,7,6,1994,1994,Gable,CompShg,HdBoard,HdBoard,None,0.0,Gd,TA,PConc,Gd,TA,No,GLQ,595,Unf,0,378,973,GasA,Ex,Y,SBrkr,979,871,0,1850,0,0,2,1,3,1,Gd,7,Typ,1,Gd,BuiltIn,1994.0,Fin,2,467,TA,TA,Y,168,98,0,0,0,0,,,,0,1,2009,WD,Normal
364,20,RL,71.0,9204,Pave,,Reg,Lvl,AllPub,Inside,Gtl,NAmes,Norm,Norm,1Fam,1Story,5,5,1963,1963,Gable,CompShg,HdBoard,HdBoard,None,0.0,TA,TA,CBlock,TA,TA,No,BLQ,25,Rec,872,247,1144,GasA,TA,Y,SBrkr,1144,0,0,1144,1,0,1,1,3,1,TA,6,Typ,0,,Detchd,1962.0,Unf,1,336,TA,TA,Y,0,88,0,0,0,0,,,,0,8,2008,COD,Normal
